Calculated solution: , Analytical solution:
0.00000                    0.00000
0.00448                    0.00894
0.00885                    0.01778
0.01760                    0.02653
0.02626                    0.03518
0.03482                    0.04373
0.04329                    0.05219
0.05166                    0.06055
0.05994                    0.06882
0.06813                    0.07700
0.07622                    0.08508
0.08423                    0.09308
0.09214                    0.10099
0.09997                    0.10880
0.10771                    0.11653
0.11536                    0.12418
0.12293                    0.13174
0.13041                    0.13921
0.13781                    0.14660
0.14512                    0.15390
0.15235                    0.16113
0.15950                    0.16827
0.16657                    0.17533
0.17356                    0.18231
0.18047                    0.18921
0.18730                    0.19603
0.19406                    0.20278
0.20073                    0.20944
0.20733                    0.21603
0.21386                    0.22255
0.22031                    0.22899
0.22668                    0.23536
0.23299                    0.24165
0.23922                    0.24787
0.24538                    0.25402
0.25146                    0.26010
0.25748                    0.26611
0.26343                    0.27205
0.26931                    0.27792
0.27512                    0.28372
0.28086                    0.28945
0.28653                    0.29512
0.29214                    0.30072
0.29769                    0.30626
0.30317                    0.31173
0.30858                    0.31713
0.31393                    0.32247
0.31922                    0.32775
0.32445                    0.33297
0.32961                    0.33812
0.33471                    0.34322
0.33975                    0.34825
0.34474                    0.35322
0.34966                    0.35814
0.35452                    0.36299
0.35933                    0.36779
0.36408                    0.37253
0.36877                    0.37721
0.37340                    0.38184
0.37798                    0.38641
0.38251                    0.39092
0.38697                    0.39538
0.39139                    0.39979
0.39575                    0.40414
0.40006                    0.40844
0.40431                    0.41268
0.40851                    0.41688
0.41266                    0.42102
0.41676                    0.42511
0.42081                    0.42915
0.42481                    0.43314
0.42876                    0.43708
0.43266                    0.44097
0.43651                    0.44482
0.44032                    0.44861
0.44407                    0.45236
0.44778                    0.45606
0.45145                    0.45971
0.45506                    0.46332
0.45863                    0.46688
0.46216                    0.47040
0.46564                    0.47387
0.46907                    0.47729
0.47246                    0.48068
0.47581                    0.48401
0.47912                    0.48731
0.48238                    0.49056
0.48560                    0.49378
0.48878                    0.49694
0.49191                    0.50007
0.49501                    0.50316
0.49806                    0.50620
0.50108                    0.50921
0.50405                    0.51218
0.50699                    0.51510
0.50989                    0.51799
0.51274                    0.52084
0.51556                    0.52365
0.51835                    0.52642
0.52109                    0.52916
0.52380                    0.53186
0.52647                    0.53452
0.52910                    0.53714
0.53170                    0.53973
0.53426                    0.54229
0.53679                    0.54480
0.53928                    0.54729
0.54174                    0.54974
0.54416                    0.55215
0.54655                    0.55453
0.54891                    0.55688
0.55123                    0.55919
0.55352                    0.56147
0.55578                    0.56372
0.55800                    0.56594
0.56019                    0.56812
0.56235                    0.57027
0.56448                    0.57239
0.56658                    0.57448
0.56865                    0.57654
0.57069                    0.57857
0.57270                    0.58057
0.57467                    0.58254
0.57662                    0.58448
0.57854                    0.58639
0.58043                    0.58827
0.58229                    0.59012
0.58412                    0.59194
0.58593                    0.59374
0.58771                    0.59551
0.58946                    0.59725
0.59118                    0.59896
0.59288                    0.60065
0.59454                    0.60231
0.59619                    0.60394
0.59780                    0.60555
0.59939                    0.60713
0.60096                    0.60869
0.60250                    0.61022
0.60401                    0.61172
0.60550                    0.61320
0.60697                    0.61466
0.60841                    0.61609
0.60982                    0.61750
0.61121                    0.61888
0.61258                    0.62024
0.61393                    0.62158
0.61525                    0.62289
0.61655                    0.62418
0.61782                    0.62545
0.61908                    0.62669
0.62031                    0.62791
0.62152                    0.62911
0.62271                    0.63029
0.62387                    0.63145
0.62502                    0.63258
0.62614                    0.63370
0.62724                    0.63479
0.62832                    0.63586
0.62938                    0.63692
0.63042                    0.63795
0.63144                    0.63896
0.63244                    0.63995
0.63342                    0.64092
0.63438                    0.64187
0.63533                    0.64281
0.63625                    0.64372
0.63715                    0.64461
0.63803                    0.64549
0.63890                    0.64635
0.63975                    0.64718
0.64058                    0.64800
0.64139                    0.64881
0.64218                    0.64959
0.64296                    0.65036
0.64371                    0.65110
0.64445                    0.65184
0.64518                    0.65255
0.64588                    0.65325
0.64657                    0.65393
0.64725                    0.65459
0.64790                    0.65524
0.64854                    0.65587
0.64916                    0.65648
0.64977                    0.65708
0.65036                    0.65767
0.65094                    0.65823
0.65150                    0.65878
0.65204                    0.65932
0.65257                    0.65984
0.65309                    0.66035
0.65359                    0.66084
0.65407                    0.66131
0.65454                    0.66177
0.65500                    0.66222
0.65544                    0.66265
0.65587                    0.66307
0.65628                    0.66347
0.65668                    0.66386
0.65706                    0.66424
0.65744                    0.66460
0.65779                    0.66495
0.65814                    0.66529
0.65847                    0.66561
0.65879                    0.66592
0.65909                    0.66622
0.65938                    0.66650
0.65966                    0.66677
0.65993                    0.66703
0.66019                    0.66727
0.66043                    0.66751
0.66066                    0.66773
0.66088                    0.66794
0.66108                    0.66813
0.66127                    0.66832
0.66146                    0.66849
0.66163                    0.66865
0.66179                    0.66880
0.66193                    0.66894
0.66207                    0.66907
0.66219                    0.66918
0.66231                    0.66929
0.66241                    0.66938
0.66250                    0.66946
0.66258                    0.66954
0.66265                    0.66960
0.66271                    0.66965
0.66276                    0.66969
0.66280                    0.66972
0.66283                    0.66974
0.66285                    0.66975
0.66286                    0.66975
0.66286                    0.66974
0.66285                    0.66972
0.66283                    0.66969
0.66280                    0.66965
0.66276                    0.66960
0.66271                    0.66955
0.66265                    0.66948
0.66258                    0.66940
0.66251                    0.66931
0.66242                    0.66922
0.66232                    0.66912
0.66222                    0.66900
0.66211                    0.66888
0.66199                    0.66875
0.66186                    0.66861
0.66172                    0.66846
0.66157                    0.66831
0.66141                    0.66814
0.66125                    0.66797
0.66108                    0.66779
0.66090                    0.66760
0.66071                    0.66740
0.66051                    0.66720
0.66031                    0.66699
0.66010                    0.66676
0.65988                    0.66654
0.65965                    0.66630
0.65942                    0.66606
0.65917                    0.66580
0.65892                    0.66555
0.65867                    0.66528
0.65840                    0.66501
0.65813                    0.66473
0.65785                    0.66444
0.65757                    0.66414
0.65727                    0.66384
0.65697                    0.66353
0.65667                    0.66322
0.65635                    0.66289
0.65603                    0.66257
0.65571                    0.66223
0.65537                    0.66189
0.65503                    0.66154
0.65469                    0.66118
0.65433                    0.66082
0.65397                    0.66045
0.65361                    0.66008
0.65324                    0.65970
0.65286                    0.65931
0.65248                    0.65892
0.65209                    0.65852
0.65169                    0.65812
0.65129                    0.65770
0.65088                    0.65729
0.65047                    0.65687
0.65005                    0.65644
0.64962                    0.65600
0.64919                    0.65556
0.64876                    0.65512
0.64832                    0.65467
0.64787                    0.65421
0.64742                    0.65375
0.64696                    0.65329
0.64650                    0.65281
0.64603                    0.65234
0.64555                    0.65185
0.64508                    0.65137
0.64459                    0.65087
0.64410                    0.65038
0.64361                    0.64987
0.64311                    0.64937
0.64261                    0.64885
0.64210                    0.64834
0.64159                    0.64782
0.64107                    0.64729
0.64055                    0.64676
0.64002                    0.64622
0.63949                    0.64568
0.63895                    0.64513
0.63841                    0.64459
0.63786                    0.64403
0.63732                    0.64347
0.63676                    0.64291
0.63620                    0.64234
0.63564                    0.64177
0.63507                    0.64119
0.63450                    0.64061
0.63393                    0.64003
0.63335                    0.63944
0.63276                    0.63885
0.63218                    0.63825
0.63158                    0.63765
0.63099                    0.63705
0.63039                    0.63644
0.62979                    0.63583
0.62918                    0.63521
0.62857                    0.63459
0.62795                    0.63397
0.62733                    0.63334
0.62671                    0.63271
0.62609                    0.63207
0.62546                    0.63144
0.62482                    0.63079
0.62419                    0.63015
0.62355                    0.62950
0.62290                    0.62885
0.62226                    0.62819
0.62161                    0.62753
0.62095                    0.62687
0.62030                    0.62620
0.61964                    0.62553
0.61897                    0.62486
0.61830                    0.62418
0.61763                    0.62351
0.61696                    0.62282
0.61628                    0.62214
0.61560                    0.62145
0.61492                    0.62076
0.61424                    0.62006
0.61355                    0.61936
0.61286                    0.61866
0.61216                    0.61796
0.61146                    0.61725
0.61076                    0.61654
0.61006                    0.61583
0.60935                    0.61512
0.60864                    0.61440
0.60793                    0.61368
0.60722                    0.61295
0.60650                    0.61223
0.60578                    0.61150
0.60506                    0.61077
0.60433                    0.61003
0.60360                    0.60930
0.60287                    0.60856
0.60214                    0.60781
0.60140                    0.60707
0.60067                    0.60632
0.59992                    0.60557
0.59918                    0.60482
0.59844                    0.60406
0.59769                    0.60331
0.59694                    0.60255
0.59618                    0.60179
0.59543                    0.60102
0.59467                    0.60025
0.59391                    0.59949
0.59315                    0.59871
0.59238                    0.59794
0.59162                    0.59717
0.59085                    0.59639
0.59008                    0.59561
0.58930                    0.59482
0.58853                    0.59404
0.58775                    0.59325
0.58697                    0.59246
0.58619                    0.59167
0.58540                    0.59088
0.58462                    0.59009
0.58383                    0.58929
0.58304                    0.58849
0.58225                    0.58769
0.58145                    0.58689
0.58066                    0.58608
0.57986                    0.58527
0.57906                    0.58447
0.57826                    0.58366
0.57746                    0.58284
0.57665                    0.58203
0.57584                    0.58121
0.57503                    0.58039
0.57422                    0.57957
0.57341                    0.57875
0.57260                    0.57793
0.57178                    0.57710
0.57096                    0.57628
0.57014                    0.57545
0.56932                    0.57462
0.56850                    0.57379
0.56767                    0.57295
0.56685                    0.57212
0.56602                    0.57128
0.56519                    0.57044
0.56436                    0.56960
0.56353                    0.56876
0.56269                    0.56792
0.56186                    0.56707
0.56102                    0.56623
0.56018                    0.56538
0.55934                    0.56453
0.55850                    0.56368
0.55766                    0.56283
0.55681                    0.56197
0.55596                    0.56112
0.55512                    0.56026
0.55427                    0.55940
0.55342                    0.55855
0.55257                    0.55768
0.55171                    0.55682
0.55086                    0.55596
0.55000                    0.55509
0.54914                    0.55423
0.54829                    0.55336
0.54743                    0.55249
0.54656                    0.55162
0.54570                    0.55075
0.54484                    0.54988
0.54397                    0.54900
0.54311                    0.54813
0.54224                    0.54725
0.54137                    0.54637
0.54050                    0.54550
0.53963                    0.54462
0.53876                    0.54373
0.53788                    0.54285
0.53701                    0.54197
0.53613                    0.54108
0.53526                    0.54020
0.53438                    0.53931
0.53350                    0.53842
0.53262                    0.53753
0.53174                    0.53664
0.53086                    0.53575
0.52997                    0.53486
0.52909                    0.53397
0.52820                    0.53307
0.52732                    0.53218
0.52643                    0.53128
0.52554                    0.53038
0.52465                    0.52948
0.52376                    0.52858
0.52287                    0.52768
0.52198                    0.52678
0.52108                    0.52588
0.52019                    0.52498
0.51929                    0.52407
0.51840                    0.52317
0.51750                    0.52226
0.51660                    0.52135
0.51570                    0.52044
0.51480                    0.51954
0.51390                    0.51863
0.51300                    0.51771
0.51210                    0.51680
0.51119                    0.51589
0.51029                    0.51498
0.50938                    0.51406
0.50848                    0.51315
0.50757                    0.51223
0.50666                    0.51132
0.50575                    0.51040
0.50484                    0.50948
0.50393                    0.50856
0.50302                    0.50764
0.50211                    0.50672
0.50120                    0.50580
0.50028                    0.50488
0.49937                    0.50395
0.49846                    0.50303
0.49754                    0.50210
0.49662                    0.50118
0.49571                    0.50025
0.49479                    0.49933
0.49387                    0.49840
0.49295                    0.49747
0.49203                    0.49654
0.49111                    0.49561
0.49019                    0.49468
0.48927                    0.49375
0.48834                    0.49282
0.48742                    0.49189
0.48650                    0.49095
0.48557                    0.49002
0.48465                    0.48909
0.48372                    0.48815
0.48279                    0.48722
0.48187                    0.48628
0.48094                    0.48534
0.48001                    0.48440
0.47908                    0.48347
0.47815                    0.48253
0.47722                    0.48159
0.47629                    0.48065
0.47536                    0.47971
0.47443                    0.47877
0.47349                    0.47783
0.47256                    0.47688
0.47163                    0.47594
0.47069                    0.47500
0.46976                    0.47405
0.46882                    0.47311
0.46789                    0.47216
0.46695                    0.47122
0.46601                    0.47027
0.46508                    0.46933
0.46414                    0.46838
0.46320                    0.46743
0.46226                    0.46648
0.46132                    0.46554
0.46038                    0.46459
0.45944                    0.46364
0.45850                    0.46269
0.45756                    0.46174
0.45661                    0.46079
0.45567                    0.45983
0.45473                    0.45888
0.45379                    0.45793
0.45284                    0.45698
0.45190                    0.45602
0.45095                    0.45507
0.45001                    0.45411
0.44906                    0.45316
0.44812                    0.45220
0.44717                    0.45125
0.44622                    0.45029
0.44527                    0.44934
0.44433                    0.44838
0.44338                    0.44742
0.44243                    0.44647
0.44148                    0.44551
0.44053                    0.44455
0.43958                    0.44359
0.43863                    0.44263
0.43768                    0.44167
0.43673                    0.44071
0.43578                    0.43975
0.43482                    0.43879
0.43387                    0.43783
0.43292                    0.43687
0.43197                    0.43590
0.43101                    0.43494
0.43006                    0.43398
0.42911                    0.43302
0.42815                    0.43205
0.42720                    0.43109
0.42624                    0.43012
0.42529                    0.42916
0.42433                    0.42820
0.42337                    0.42723
0.42242                    0.42626
0.42146                    0.42530
0.42050                    0.42433
0.41954                    0.42337
0.41859                    0.42240
0.41763                    0.42143
0.41667                    0.42046
0.41571                    0.41950
0.41475                    0.41853
0.41379                    0.41756
0.41283                    0.41659
0.41187                    0.41562
0.41091                    0.41465
0.40995                    0.41368
0.40899                    0.41271
0.40803                    0.41174
0.40707                    0.41077
0.40611                    0.40980
0.40514                    0.40883
0.40418                    0.40786
0.40322                    0.40689
0.40226                    0.40592
0.40129                    0.40495
0.40033                    0.40397
0.39937                    0.40300
0.39840                    0.40203
0.39744                    0.40105
0.39647                    0.40008
0.39551                    0.39911
0.39454                    0.39813
0.39358                    0.39716
0.39261                    0.39618
0.39165                    0.39521
0.39068                    0.39423
0.38972                    0.39326
0.38875                    0.39228
0.38778                    0.39131
0.38682                    0.39033
0.38585                    0.38936
0.38488                    0.38838
0.38391                    0.38740
0.38295                    0.38643
0.38198                    0.38545
0.38101                    0.38447
0.38004                    0.38350
0.37907                    0.38252
0.37810                    0.38154
0.37713                    0.38056
0.37617                    0.37958
0.37520                    0.37861
0.37423                    0.37763
0.37326                    0.37665
0.37229                    0.37567
0.37132                    0.37469
0.37035                    0.37371
0.36937                    0.37273
0.36840                    0.37175
0.36743                    0.37077
0.36646                    0.36979
0.36549                    0.36881
0.36452                    0.36783
0.36355                    0.36685
0.36257                    0.36587
0.36160                    0.36489
0.36063                    0.36391
0.35966                    0.36292
0.35868                    0.36194
0.35771                    0.36096
0.35674                    0.35998
0.35577                    0.35900
0.35479                    0.35801
0.35382                    0.35703
0.35284                    0.35605
0.35187                    0.35507
0.35090                    0.35408
0.34992                    0.35310
0.34895                    0.35212
0.34797                    0.35113
0.34700                    0.35015
0.34602                    0.34917
0.34505                    0.34818
0.34407                    0.34720
0.34310                    0.34621
0.34212                    0.34523
0.34115                    0.34424
0.34017                    0.34326
0.33920                    0.34228
0.33822                    0.34129
0.33724                    0.34031
0.33627                    0.33932
0.33529                    0.33833
0.33432                    0.33735
0.33334                    0.33636
0.33236                    0.33538
0.33138                    0.33439
0.33041                    0.33341
0.32943                    0.33242
0.32845                    0.33143
0.32748                    0.33045
0.32650                    0.32946
0.32552                    0.32847
0.32454                    0.32749
0.32356                    0.32650
0.32259                    0.32551
0.32161                    0.32453
0.32063                    0.32354
0.31965                    0.32255
0.31867                    0.32156
0.31769                    0.32058
0.31672                    0.31959
0.31574                    0.31860
0.31476                    0.31761
0.31378                    0.31663
0.31280                    0.31564
0.31182                    0.31465
0.31084                    0.31366
0.30986                    0.31267
0.30888                    0.31168
0.30790                    0.31069
0.30692                    0.30971
0.30594                    0.30872
0.30496                    0.30773
0.30398                    0.30674
0.30300                    0.30575
0.30202                    0.30476
0.30104                    0.30377
0.30006                    0.30278
0.29908                    0.30179
0.29810                    0.30080
0.29712                    0.29981
0.29614                    0.29882
0.29516                    0.29783
0.29418                    0.29684
0.29319                    0.29585
0.29221                    0.29486
0.29123                    0.29387
0.29025                    0.29288
0.28927                    0.29189
0.28829                    0.29090
0.28731                    0.28991
0.28632                    0.28892
0.28534                    0.28793
0.28436                    0.28694
0.28338                    0.28595
0.28240                    0.28496
0.28141                    0.28397
0.28043                    0.28297
0.27945                    0.28198
0.27847                    0.28099
0.27749                    0.28000
0.27650                    0.27901
0.27552                    0.27802
0.27454                    0.27703
0.27355                    0.27603
0.27257                    0.27504
0.27159                    0.27405
0.27061                    0.27306
0.26962                    0.27207
0.26864                    0.27107
0.26766                    0.27008
0.26667                    0.26909
0.26569                    0.26810
0.26471                    0.26711
0.26372                    0.26611
0.26274                    0.26512
0.26176                    0.26413
0.26077                    0.26314
0.25979                    0.26214
0.25881                    0.26115
0.25782                    0.26016
0.25684                    0.25916
0.25585                    0.25817
0.25487                    0.25718
0.25389                    0.25619
0.25290                    0.25519
0.25192                    0.25420
0.25093                    0.25321
0.24995                    0.25221
0.24896                    0.25122
0.24798                    0.25023
0.24700                    0.24923
0.24601                    0.24824
0.24503                    0.24725
0.24404                    0.24625
0.24306                    0.24526
0.24207                    0.24426
0.24109                    0.24327
0.24010                    0.24228
0.23912                    0.24128
0.23813                    0.24029
0.23715                    0.23930
0.23616                    0.23830
0.23518                    0.23731
0.23419                    0.23631
0.23321                    0.23532
0.23222                    0.23433
0.23124                    0.23333
0.23025                    0.23234
0.22927                    0.23134
0.22828                    0.23035
0.22730                    0.22935
0.22631                    0.22836
0.22532                    0.22736
0.22434                    0.22637
0.22335                    0.22538
0.22237                    0.22438
0.22138                    0.22339
0.22040                    0.22239
0.21941                    0.22140
0.21842                    0.22040
0.21744                    0.21941
0.21645                    0.21841
0.21547                    0.21742
0.21448                    0.21642
0.21349                    0.21543
0.21251                    0.21443
0.21152                    0.21344
0.21054                    0.21244
0.20955                    0.21145
0.20856                    0.21045
0.20758                    0.20946
0.20659                    0.20846
0.20560                    0.20747
0.20462                    0.20647
0.20363                    0.20547
0.20264                    0.20448
0.20166                    0.20348
0.20067                    0.20249
0.19969                    0.20149
0.19870                    0.20050
0.19771                    0.19950
0.19673                    0.19851
0.19574                    0.19751
0.19475                    0.19651
0.19376                    0.19552
0.19278                    0.19452
0.19179                    0.19353
0.19080                    0.19253
0.18982                    0.19154
0.18883                    0.19054
0.18784                    0.18954
0.18686                    0.18855
0.18587                    0.18755
0.18488                    0.18656
0.18390                    0.18556
0.18291                    0.18456
0.18192                    0.18357
0.18093                    0.18257
0.17995                    0.18158
0.17896                    0.18058
0.17797                    0.17958
0.17699                    0.17859
0.17600                    0.17759
0.17501                    0.17659
0.17402                    0.17560
0.17304                    0.17460
0.17205                    0.17361
0.17106                    0.17261
0.17007                    0.17161
0.16909                    0.17062
0.16810                    0.16962
0.16711                    0.16862
0.16612                    0.16763
0.16514                    0.16663
0.16415                    0.16563
0.16316                    0.16464
0.16217                    0.16364
0.16119                    0.16264
0.16020                    0.16165
0.15921                    0.16065
0.15822                    0.15965
0.15723                    0.15866
0.15625                    0.15766
0.15526                    0.15666
0.15427                    0.15567
0.15328                    0.15467
0.15229                    0.15367
0.15131                    0.15268
0.15032                    0.15168
0.14933                    0.15068
0.14834                    0.14969
0.14736                    0.14869
0.14637                    0.14769
0.14538                    0.14669
0.14439                    0.14570
0.14340                    0.14470
0.14241                    0.14370
0.14143                    0.14271
0.14044                    0.14171
0.13945                    0.14071
0.13846                    0.13972
0.13747                    0.13872
0.13649                    0.13772
0.13550                    0.13672
0.13451                    0.13573
0.13352                    0.13473
0.13253                    0.13373
0.13154                    0.13274
0.13056                    0.13174
0.12957                    0.13074
0.12858                    0.12974
0.12759                    0.12875
0.12660                    0.12775
0.12561                    0.12675
0.12463                    0.12575
0.12364                    0.12476
0.12265                    0.12376
0.12166                    0.12276
0.12067                    0.12176
0.11968                    0.12077
0.11870                    0.11977
0.11771                    0.11877
0.11672                    0.11777
0.11573                    0.11678
0.11474                    0.11578
0.11375                    0.11478
0.11276                    0.11378
0.11178                    0.11279
0.11079                    0.11179
0.10980                    0.11079
0.10881                    0.10979
0.10782                    0.10880
0.10683                    0.10780
0.10584                    0.10680
0.10486                    0.10580
0.10387                    0.10481
0.10288                    0.10381
0.10189                    0.10281
0.10090                    0.10181
0.09991                    0.10082
0.09892                    0.09982
0.09793                    0.09882
0.09695                    0.09782
0.09596                    0.09682
0.09497                    0.09583
0.09398                    0.09483
0.09299                    0.09383
0.09200                    0.09283
0.09101                    0.09184
0.09002                    0.09084
0.08903                    0.08984
0.08805                    0.08884
0.08706                    0.08784
0.08607                    0.08685
0.08508                    0.08585
0.08409                    0.08485
0.08310                    0.08385
0.08211                    0.08285
0.08112                    0.08186
0.08013                    0.08086
0.07914                    0.07986
0.07816                    0.07886
0.07717                    0.07786
0.07618                    0.07687
0.07519                    0.07587
0.07420                    0.07487
0.07321                    0.07387
0.07222                    0.07288
0.07123                    0.07188
0.07024                    0.07088
0.06925                    0.06988
0.06827                    0.06888
0.06728                    0.06788
0.06629                    0.06689
0.06530                    0.06589
0.06431                    0.06489
0.06332                    0.06389
0.06233                    0.06289
0.06134                    0.06190
0.06035                    0.06090
0.05936                    0.05990
0.05837                    0.05890
0.05738                    0.05790
0.05640                    0.05691
0.05541                    0.05591
0.05442                    0.05491
0.05343                    0.05391
0.05244                    0.05291
0.05145                    0.05191
0.05046                    0.05092
0.04947                    0.04992
0.04848                    0.04892
0.04749                    0.04792
0.04650                    0.04692
0.04551                    0.04593
0.04452                    0.04493
0.04354                    0.04393
0.04255                    0.04293
0.04156                    0.04193
0.04057                    0.04093
0.03958                    0.03994
0.03859                    0.03894
0.03760                    0.03794
0.03661                    0.03694
0.03562                    0.03594
0.03463                    0.03494
0.03364                    0.03395
0.03265                    0.03295
0.03166                    0.03195
0.03067                    0.03095
0.02968                    0.02995
0.02869                    0.02895
0.02771                    0.02796
0.02672                    0.02696
0.02573                    0.02596
0.02474                    0.02496
0.02375                    0.02396
0.02276                    0.02296
0.02177                    0.02197
0.02078                    0.02097
0.01979                    0.01997
0.01880                    0.01897
0.01781                    0.01797
0.01682                    0.01697
0.01583                    0.01598
0.01484                    0.01498
0.01385                    0.01398
0.01286                    0.01298
0.01187                    0.01198
0.01088                    0.01098
0.00990                    0.00998
0.00891                    0.00899
0.00792                    0.00799
0.00693                    0.00699
0.00594                    0.00599
0.00495                    0.00499
0.00396                    0.00399
0.00297                    0.00300
0.00198                    0.00200
0.00099                    0.00100
0.00000                    0.00000
