Calculated solution: , Analytical solution:
0.00000                    0.00000
0.08430                    0.08437
0.15971                    0.15985
0.22709                    0.22728
0.28718                    0.28742
0.34068                    0.34096
0.38820                    0.38852
0.43031                    0.43066
0.46751                    0.46789
0.50028                    0.50069
0.52902                    0.52945
0.55413                    0.55458
0.57593                    0.57640
0.59474                    0.59523
0.61085                    0.61135
0.62451                    0.62502
0.63595                    0.63647
0.64538                    0.64591
0.65299                    0.65352
0.65894                    0.65948
0.66341                    0.66395
0.66651                    0.66706
0.66840                    0.66894
0.66917                    0.66972
0.66894                    0.66949
0.66780                    0.66834
0.66583                    0.66638
0.66312                    0.66366
0.65973                    0.66027
0.65572                    0.65626
0.65116                    0.65170
0.64610                    0.64663
0.64058                    0.64111
0.63466                    0.63517
0.62835                    0.62887
0.62171                    0.62222
0.61476                    0.61527
0.60754                    0.60803
0.60006                    0.60055
0.59236                    0.59284
0.58445                    0.58492
0.57635                    0.57682
0.56808                    0.56854
0.55966                    0.56012
0.55110                    0.55155
0.54242                    0.54286
0.53362                    0.53405
0.52472                    0.52515
0.51572                    0.51614
0.50664                    0.50706
0.49749                    0.49789
0.48826                    0.48866
0.47897                    0.47936
0.46963                    0.47001
0.46023                    0.46061
0.45079                    0.45115
0.44130                    0.44166
0.43178                    0.43213
0.42222                    0.42256
0.41263                    0.41296
0.40301                    0.40334
0.39336                    0.39368
0.38370                    0.38401
0.37401                    0.37431
0.36430                    0.36460
0.35457                    0.35486
0.34483                    0.34511
0.33507                    0.33535
0.32531                    0.32557
0.31553                    0.31578
0.30573                    0.30598
0.29593                    0.29618
0.28613                    0.28636
0.27631                    0.27653
0.26648                    0.26670
0.25665                    0.25686
0.24682                    0.24702
0.23698                    0.23717
0.22713                    0.22732
0.21728                    0.21746
0.20742                    0.20759
0.19757                    0.19773
0.18770                    0.18786
0.17784                    0.17799
0.16797                    0.16811
0.15810                    0.15823
0.14823                    0.14835
0.13836                    0.13847
0.12848                    0.12859
0.11861                    0.11870
0.10873                    0.10882
0.09885                    0.09893
0.08897                    0.08904
0.07908                    0.07915
0.06920                    0.06926
0.05932                    0.05937
0.04943                    0.04947
0.03955                    0.03958
0.02966                    0.02969
0.01977                    0.01979
0.00989                    0.00990
0.00000                    0.00000
