Calculated solution: , Analytical solution:
0.00000                    0.00000
0.04257                    0.08437
0.07626                    0.15985
0.14448                    0.22728
0.20542                    0.28742
0.25975                    0.34096
0.30812                    0.38852
0.35107                    0.43066
0.38912                    0.46789
0.42272                    0.50069
0.45231                    0.52945
0.47826                    0.55458
0.50090                    0.57640
0.52056                    0.59523
0.53752                    0.61135
0.55202                    0.62502
0.56430                    0.63647
0.57457                    0.64591
0.58302                    0.65352
0.58982                    0.65948
0.59512                    0.66395
0.59908                    0.66706
0.60180                    0.66894
0.60342                    0.66972
0.60403                    0.66949
0.60373                    0.66834
0.60261                    0.66638
0.60074                    0.66366
0.59819                    0.66027
0.59503                    0.65626
0.59131                    0.65170
0.58709                    0.64663
0.58242                    0.64111
0.57733                    0.63517
0.57187                    0.62887
0.56607                    0.62222
0.55997                    0.61527
0.55359                    0.60803
0.54695                    0.60055
0.54009                    0.59284
0.53302                    0.58492
0.52577                    0.57682
0.51835                    0.56854
0.51077                    0.56012
0.50305                    0.55155
0.49521                    0.54286
0.48726                    0.53405
0.47920                    0.52515
0.47104                    0.51614
0.46281                    0.50706
0.45450                    0.49789
0.44611                    0.48866
0.43767                    0.47936
0.42916                    0.47001
0.42061                    0.46061
0.41201                    0.45115
0.40337                    0.44166
0.39469                    0.43213
0.38597                    0.42256
0.37722                    0.41296
0.36845                    0.40334
0.35964                    0.39368
0.35082                    0.38401
0.34197                    0.37431
0.33311                    0.36460
0.32422                    0.35486
0.31533                    0.34511
0.30641                    0.33535
0.29749                    0.32557
0.28855                    0.31578
0.27960                    0.30598
0.27065                    0.29618
0.26168                    0.28636
0.25271                    0.27653
0.24372                    0.26670
0.23474                    0.25686
0.22574                    0.24702
0.21674                    0.23717
0.20774                    0.22732
0.19873                    0.21746
0.18972                    0.20759
0.18071                    0.19773
0.17169                    0.18786
0.16267                    0.17799
0.15364                    0.16811
0.14462                    0.15823
0.13559                    0.14835
0.12656                    0.13847
0.11752                    0.12859
0.10849                    0.11870
0.09945                    0.10882
0.09042                    0.09893
0.08138                    0.08904
0.07234                    0.07915
0.06330                    0.06926
0.05426                    0.05937
0.04522                    0.04947
0.03618                    0.03958
0.02713                    0.02969
0.01809                    0.01979
0.00904                    0.00990
0.00000                    0.00000
