Calculated solution: , Analytical solution:
0.00000                    0.00000
0.00450                    0.00894
0.00890                    0.01778
0.01765                    0.02653
0.02631                    0.03518
0.03487                    0.04373
0.04334                    0.05219
0.05171                    0.06055
0.05999                    0.06882
0.06817                    0.07700
0.07627                    0.08508
0.08428                    0.09308
0.09219                    0.10099
0.10002                    0.10880
0.10776                    0.11653
0.11541                    0.12418
0.12298                    0.13174
0.13046                    0.13921
0.13786                    0.14660
0.14517                    0.15390
0.15240                    0.16113
0.15955                    0.16827
0.16662                    0.17533
0.17361                    0.18231
0.18052                    0.18921
0.18735                    0.19603
0.19410                    0.20278
0.20078                    0.20944
0.20738                    0.21603
0.21391                    0.22255
0.22036                    0.22899
0.22673                    0.23536
0.23303                    0.24165
0.23926                    0.24787
0.24542                    0.25402
0.25151                    0.26010
0.25753                    0.26611
0.26347                    0.27205
0.26935                    0.27792
0.27516                    0.28372
0.28091                    0.28945
0.28658                    0.29512
0.29219                    0.30072
0.29774                    0.30626
0.30321                    0.31173
0.30863                    0.31713
0.31398                    0.32247
0.31927                    0.32775
0.32449                    0.33297
0.32966                    0.33812
0.33476                    0.34322
0.33980                    0.34825
0.34478                    0.35322
0.34971                    0.35814
0.35457                    0.36299
0.35938                    0.36779
0.36412                    0.37253
0.36881                    0.37721
0.37345                    0.38184
0.37803                    0.38641
0.38255                    0.39092
0.38702                    0.39538
0.39143                    0.39979
0.39579                    0.40414
0.40010                    0.40844
0.40436                    0.41268
0.40856                    0.41688
0.41271                    0.42102
0.41681                    0.42511
0.42086                    0.42915
0.42486                    0.43314
0.42881                    0.43708
0.43271                    0.44097
0.43656                    0.44482
0.44036                    0.44861
0.44412                    0.45236
0.44783                    0.45606
0.45149                    0.45971
0.45511                    0.46332
0.45868                    0.46688
0.46220                    0.47040
0.46568                    0.47387
0.46912                    0.47729
0.47251                    0.48068
0.47586                    0.48401
0.47916                    0.48731
0.48242                    0.49056
0.48564                    0.49378
0.48882                    0.49694
0.49196                    0.50007
0.49505                    0.50316
0.49811                    0.50620
0.50112                    0.50921
0.50410                    0.51218
0.50703                    0.51510
0.50993                    0.51799
0.51279                    0.52084
0.51561                    0.52365
0.51839                    0.52642
0.52113                    0.52916
0.52384                    0.53186
0.52651                    0.53452
0.52915                    0.53714
0.53174                    0.53973
0.53431                    0.54229
0.53683                    0.54480
0.53933                    0.54729
0.54178                    0.54974
0.54421                    0.55215
0.54659                    0.55453
0.54895                    0.55688
0.55127                    0.55919
0.55356                    0.56147
0.55582                    0.56372
0.55804                    0.56594
0.56024                    0.56812
0.56240                    0.57027
0.56453                    0.57239
0.56663                    0.57448
0.56869                    0.57654
0.57073                    0.57857
0.57274                    0.58057
0.57472                    0.58254
0.57666                    0.58448
0.57858                    0.58639
0.58047                    0.58827
0.58234                    0.59012
0.58417                    0.59194
0.58597                    0.59374
0.58775                    0.59551
0.58950                    0.59725
0.59122                    0.59896
0.59292                    0.60065
0.59459                    0.60231
0.59623                    0.60394
0.59785                    0.60555
0.59944                    0.60713
0.60100                    0.60869
0.60254                    0.61022
0.60405                    0.61172
0.60554                    0.61320
0.60701                    0.61466
0.60845                    0.61609
0.60986                    0.61750
0.61126                    0.61888
0.61262                    0.62024
0.61397                    0.62158
0.61529                    0.62289
0.61659                    0.62418
0.61787                    0.62545
0.61912                    0.62669
0.62035                    0.62791
0.62156                    0.62911
0.62275                    0.63029
0.62391                    0.63145
0.62506                    0.63258
0.62618                    0.63370
0.62728                    0.63479
0.62836                    0.63586
0.62942                    0.63692
0.63046                    0.63795
0.63148                    0.63896
0.63248                    0.63995
0.63346                    0.64092
0.63443                    0.64187
0.63537                    0.64281
0.63629                    0.64372
0.63719                    0.64461
0.63808                    0.64549
0.63894                    0.64635
0.63979                    0.64718
0.64062                    0.64800
0.64143                    0.64881
0.64222                    0.64959
0.64300                    0.65036
0.64375                    0.65110
0.64449                    0.65184
0.64522                    0.65255
0.64592                    0.65325
0.64661                    0.65393
0.64729                    0.65459
0.64794                    0.65524
0.64858                    0.65587
0.64921                    0.65648
0.64981                    0.65708
0.65040                    0.65767
0.65098                    0.65823
0.65154                    0.65878
0.65208                    0.65932
0.65261                    0.65984
0.65313                    0.66035
0.65363                    0.66084
0.65411                    0.66131
0.65458                    0.66177
0.65504                    0.66222
0.65548                    0.66265
0.65591                    0.66307
0.65632                    0.66347
0.65672                    0.66386
0.65710                    0.66424
0.65748                    0.66460
0.65783                    0.66495
0.65818                    0.66529
0.65851                    0.66561
0.65883                    0.66592
0.65913                    0.66622
0.65942                    0.66650
0.65970                    0.66677
0.65997                    0.66703
0.66022                    0.66727
0.66047                    0.66751
0.66070                    0.66773
0.66091                    0.66794
0.66112                    0.66813
0.66131                    0.66832
0.66150                    0.66849
0.66167                    0.66865
0.66182                    0.66880
0.66197                    0.66894
0.66211                    0.66907
0.66223                    0.66918
0.66235                    0.66929
0.66245                    0.66938
0.66254                    0.66946
0.66262                    0.66954
0.66269                    0.66960
0.66275                    0.66965
0.66280                    0.66969
0.66284                    0.66972
0.66287                    0.66974
0.66289                    0.66975
0.66290                    0.66975
0.66290                    0.66974
0.66289                    0.66972
0.66287                    0.66969
0.66284                    0.66965
0.66280                    0.66960
0.66275                    0.66955
0.66269                    0.66948
0.66262                    0.66940
0.66254                    0.66931
0.66246                    0.66922
0.66236                    0.66912
0.66226                    0.66900
0.66214                    0.66888
0.66202                    0.66875
0.66189                    0.66861
0.66175                    0.66846
0.66161                    0.66831
0.66145                    0.66814
0.66129                    0.66797
0.66112                    0.66779
0.66094                    0.66760
0.66075                    0.66740
0.66055                    0.66720
0.66035                    0.66699
0.66013                    0.66676
0.65992                    0.66654
0.65969                    0.66630
0.65945                    0.66606
0.65921                    0.66580
0.65896                    0.66555
0.65870                    0.66528
0.65844                    0.66501
0.65817                    0.66473
0.65789                    0.66444
0.65760                    0.66414
0.65731                    0.66384
0.65701                    0.66353
0.65670                    0.66322
0.65639                    0.66289
0.65607                    0.66257
0.65574                    0.66223
0.65541                    0.66189
0.65507                    0.66154
0.65472                    0.66118
0.65437                    0.66082
0.65401                    0.66045
0.65364                    0.66008
0.65327                    0.65970
0.65290                    0.65931
0.65251                    0.65892
0.65212                    0.65852
0.65173                    0.65812
0.65132                    0.65770
0.65092                    0.65729
0.65050                    0.65687
0.65008                    0.65644
0.64966                    0.65600
0.64923                    0.65556
0.64879                    0.65512
0.64835                    0.65467
0.64790                    0.65421
0.64745                    0.65375
0.64699                    0.65329
0.64653                    0.65281
0.64606                    0.65234
0.64559                    0.65185
0.64511                    0.65137
0.64463                    0.65087
0.64414                    0.65038
0.64364                    0.64987
0.64315                    0.64937
0.64264                    0.64885
0.64213                    0.64834
0.64162                    0.64782
0.64110                    0.64729
0.64058                    0.64676
0.64005                    0.64622
0.63952                    0.64568
0.63899                    0.64513
0.63844                    0.64459
0.63790                    0.64403
0.63735                    0.64347
0.63680                    0.64291
0.63624                    0.64234
0.63567                    0.64177
0.63511                    0.64119
0.63454                    0.64061
0.63396                    0.64003
0.63338                    0.63944
0.63280                    0.63885
0.63221                    0.63825
0.63162                    0.63765
0.63102                    0.63705
0.63042                    0.63644
0.62982                    0.63583
0.62921                    0.63521
0.62860                    0.63459
0.62799                    0.63397
0.62737                    0.63334
0.62675                    0.63271
0.62612                    0.63207
0.62549                    0.63144
0.62486                    0.63079
0.62422                    0.63015
0.62358                    0.62950
0.62294                    0.62885
0.62229                    0.62819
0.62164                    0.62753
0.62099                    0.62687
0.62033                    0.62620
0.61967                    0.62553
0.61900                    0.62486
0.61834                    0.62418
0.61767                    0.62351
0.61699                    0.62282
0.61632                    0.62214
0.61564                    0.62145
0.61495                    0.62076
0.61427                    0.62006
0.61358                    0.61936
0.61289                    0.61866
0.61219                    0.61796
0.61150                    0.61725
0.61079                    0.61654
0.61009                    0.61583
0.60938                    0.61512
0.60868                    0.61440
0.60796                    0.61368
0.60725                    0.61295
0.60653                    0.61223
0.60581                    0.61150
0.60509                    0.61077
0.60436                    0.61003
0.60363                    0.60930
0.60290                    0.60856
0.60217                    0.60781
0.60143                    0.60707
0.60070                    0.60632
0.59996                    0.60557
0.59921                    0.60482
0.59847                    0.60406
0.59772                    0.60331
0.59697                    0.60255
0.59621                    0.60179
0.59546                    0.60102
0.59470                    0.60025
0.59394                    0.59949
0.59318                    0.59871
0.59241                    0.59794
0.59165                    0.59717
0.59088                    0.59639
0.59011                    0.59561
0.58933                    0.59482
0.58856                    0.59404
0.58778                    0.59325
0.58700                    0.59246
0.58622                    0.59167
0.58543                    0.59088
0.58465                    0.59009
0.58386                    0.58929
0.58307                    0.58849
0.58228                    0.58769
0.58148                    0.58689
0.58069                    0.58608
0.57989                    0.58527
0.57909                    0.58447
0.57829                    0.58366
0.57749                    0.58284
0.57668                    0.58203
0.57587                    0.58121
0.57506                    0.58039
0.57425                    0.57957
0.57344                    0.57875
0.57263                    0.57793
0.57181                    0.57710
0.57099                    0.57628
0.57017                    0.57545
0.56935                    0.57462
0.56853                    0.57379
0.56770                    0.57295
0.56688                    0.57212
0.56605                    0.57128
0.56522                    0.57044
0.56439                    0.56960
0.56356                    0.56876
0.56272                    0.56792
0.56189                    0.56707
0.56105                    0.56623
0.56021                    0.56538
0.55937                    0.56453
0.55853                    0.56368
0.55768                    0.56283
0.55684                    0.56197
0.55599                    0.56112
0.55514                    0.56026
0.55430                    0.55940
0.55345                    0.55855
0.55259                    0.55768
0.55174                    0.55682
0.55089                    0.55596
0.55003                    0.55509
0.54917                    0.55423
0.54831                    0.55336
0.54745                    0.55249
0.54659                    0.55162
0.54573                    0.55075
0.54487                    0.54988
0.54400                    0.54900
0.54314                    0.54813
0.54227                    0.54725
0.54140                    0.54637
0.54053                    0.54550
0.53966                    0.54462
0.53879                    0.54373
0.53791                    0.54285
0.53704                    0.54197
0.53616                    0.54108
0.53529                    0.54020
0.53441                    0.53931
0.53353                    0.53842
0.53265                    0.53753
0.53177                    0.53664
0.53088                    0.53575
0.53000                    0.53486
0.52912                    0.53397
0.52823                    0.53307
0.52734                    0.53218
0.52646                    0.53128
0.52557                    0.53038
0.52468                    0.52948
0.52379                    0.52858
0.52290                    0.52768
0.52200                    0.52678
0.52111                    0.52588
0.52021                    0.52498
0.51932                    0.52407
0.51842                    0.52317
0.51753                    0.52226
0.51663                    0.52135
0.51573                    0.52044
0.51483                    0.51954
0.51393                    0.51863
0.51302                    0.51771
0.51212                    0.51680
0.51122                    0.51589
0.51031                    0.51498
0.50941                    0.51406
0.50850                    0.51315
0.50760                    0.51223
0.50669                    0.51132
0.50578                    0.51040
0.50487                    0.50948
0.50396                    0.50856
0.50305                    0.50764
0.50214                    0.50672
0.50122                    0.50580
0.50031                    0.50488
0.49940                    0.50395
0.49848                    0.50303
0.49757                    0.50210
0.49665                    0.50118
0.49573                    0.50025
0.49481                    0.49933
0.49390                    0.49840
0.49298                    0.49747
0.49206                    0.49654
0.49114                    0.49561
0.49021                    0.49468
0.48929                    0.49375
0.48837                    0.49282
0.48745                    0.49189
0.48652                    0.49095
0.48560                    0.49002
0.48467                    0.48909
0.48375                    0.48815
0.48282                    0.48722
0.48189                    0.48628
0.48096                    0.48534
0.48003                    0.48440
0.47911                    0.48347
0.47818                    0.48253
0.47725                    0.48159
0.47631                    0.48065
0.47538                    0.47971
0.47445                    0.47877
0.47352                    0.47783
0.47259                    0.47688
0.47165                    0.47594
0.47072                    0.47500
0.46978                    0.47405
0.46885                    0.47311
0.46791                    0.47216
0.46697                    0.47122
0.46604                    0.47027
0.46510                    0.46933
0.46416                    0.46838
0.46322                    0.46743
0.46228                    0.46648
0.46134                    0.46554
0.46040                    0.46459
0.45946                    0.46364
0.45852                    0.46269
0.45758                    0.46174
0.45664                    0.46079
0.45570                    0.45983
0.45475                    0.45888
0.45381                    0.45793
0.45286                    0.45698
0.45192                    0.45602
0.45098                    0.45507
0.45003                    0.45411
0.44908                    0.45316
0.44814                    0.45220
0.44719                    0.45125
0.44624                    0.45029
0.44530                    0.44934
0.44435                    0.44838
0.44340                    0.44742
0.44245                    0.44647
0.44150                    0.44551
0.44055                    0.44455
0.43960                    0.44359
0.43865                    0.44263
0.43770                    0.44167
0.43675                    0.44071
0.43580                    0.43975
0.43485                    0.43879
0.43389                    0.43783
0.43294                    0.43687
0.43199                    0.43590
0.43103                    0.43494
0.43008                    0.43398
0.42913                    0.43302
0.42817                    0.43205
0.42722                    0.43109
0.42626                    0.43012
0.42531                    0.42916
0.42435                    0.42820
0.42339                    0.42723
0.42244                    0.42626
0.42148                    0.42530
0.42052                    0.42433
0.41957                    0.42337
0.41861                    0.42240
0.41765                    0.42143
0.41669                    0.42046
0.41573                    0.41950
0.41477                    0.41853
0.41381                    0.41756
0.41285                    0.41659
0.41189                    0.41562
0.41093                    0.41465
0.40997                    0.41368
0.40901                    0.41271
0.40805                    0.41174
0.40709                    0.41077
0.40613                    0.40980
0.40516                    0.40883
0.40420                    0.40786
0.40324                    0.40689
0.40228                    0.40592
0.40131                    0.40495
0.40035                    0.40397
0.39939                    0.40300
0.39842                    0.40203
0.39746                    0.40105
0.39649                    0.40008
0.39553                    0.39911
0.39456                    0.39813
0.39360                    0.39716
0.39263                    0.39618
0.39167                    0.39521
0.39070                    0.39423
0.38974                    0.39326
0.38877                    0.39228
0.38780                    0.39131
0.38684                    0.39033
0.38587                    0.38936
0.38490                    0.38838
0.38393                    0.38740
0.38297                    0.38643
0.38200                    0.38545
0.38103                    0.38447
0.38006                    0.38350
0.37909                    0.38252
0.37812                    0.38154
0.37715                    0.38056
0.37618                    0.37958
0.37521                    0.37861
0.37424                    0.37763
0.37327                    0.37665
0.37230                    0.37567
0.37133                    0.37469
0.37036                    0.37371
0.36939                    0.37273
0.36842                    0.37175
0.36745                    0.37077
0.36648                    0.36979
0.36551                    0.36881
0.36454                    0.36783
0.36356                    0.36685
0.36259                    0.36587
0.36162                    0.36489
0.36065                    0.36391
0.35968                    0.36292
0.35870                    0.36194
0.35773                    0.36096
0.35676                    0.35998
0.35578                    0.35900
0.35481                    0.35801
0.35384                    0.35703
0.35286                    0.35605
0.35189                    0.35507
0.35091                    0.35408
0.34994                    0.35310
0.34897                    0.35212
0.34799                    0.35113
0.34702                    0.35015
0.34604                    0.34917
0.34507                    0.34818
0.34409                    0.34720
0.34312                    0.34621
0.34214                    0.34523
0.34117                    0.34424
0.34019                    0.34326
0.33921                    0.34228
0.33824                    0.34129
0.33726                    0.34031
0.33628                    0.33932
0.33531                    0.33833
0.33433                    0.33735
0.33336                    0.33636
0.33238                    0.33538
0.33140                    0.33439
0.33042                    0.33341
0.32945                    0.33242
0.32847                    0.33143
0.32749                    0.33045
0.32651                    0.32946
0.32554                    0.32847
0.32456                    0.32749
0.32358                    0.32650
0.32260                    0.32551
0.32162                    0.32453
0.32065                    0.32354
0.31967                    0.32255
0.31869                    0.32156
0.31771                    0.32058
0.31673                    0.31959
0.31575                    0.31860
0.31477                    0.31761
0.31379                    0.31663
0.31282                    0.31564
0.31184                    0.31465
0.31086                    0.31366
0.30988                    0.31267
0.30890                    0.31168
0.30792                    0.31069
0.30694                    0.30971
0.30596                    0.30872
0.30498                    0.30773
0.30400                    0.30674
0.30302                    0.30575
0.30204                    0.30476
0.30106                    0.30377
0.30008                    0.30278
0.29910                    0.30179
0.29811                    0.30080
0.29713                    0.29981
0.29615                    0.29882
0.29517                    0.29783
0.29419                    0.29684
0.29321                    0.29585
0.29223                    0.29486
0.29125                    0.29387
0.29027                    0.29288
0.28928                    0.29189
0.28830                    0.29090
0.28732                    0.28991
0.28634                    0.28892
0.28536                    0.28793
0.28437                    0.28694
0.28339                    0.28595
0.28241                    0.28496
0.28143                    0.28397
0.28045                    0.28297
0.27946                    0.28198
0.27848                    0.28099
0.27750                    0.28000
0.27652                    0.27901
0.27553                    0.27802
0.27455                    0.27703
0.27357                    0.27603
0.27259                    0.27504
0.27160                    0.27405
0.27062                    0.27306
0.26964                    0.27207
0.26865                    0.27107
0.26767                    0.27008
0.26669                    0.26909
0.26570                    0.26810
0.26472                    0.26711
0.26374                    0.26611
0.26275                    0.26512
0.26177                    0.26413
0.26079                    0.26314
0.25980                    0.26214
0.25882                    0.26115
0.25783                    0.26016
0.25685                    0.25916
0.25587                    0.25817
0.25488                    0.25718
0.25390                    0.25619
0.25291                    0.25519
0.25193                    0.25420
0.25095                    0.25321
0.24996                    0.25221
0.24898                    0.25122
0.24799                    0.25023
0.24701                    0.24923
0.24602                    0.24824
0.24504                    0.24725
0.24405                    0.24625
0.24307                    0.24526
0.24208                    0.24426
0.24110                    0.24327
0.24011                    0.24228
0.23913                    0.24128
0.23814                    0.24029
0.23716                    0.23930
0.23617                    0.23830
0.23519                    0.23731
0.23420                    0.23631
0.23322                    0.23532
0.23223                    0.23433
0.23125                    0.23333
0.23026                    0.23234
0.22928                    0.23134
0.22829                    0.23035
0.22731                    0.22935
0.22632                    0.22836
0.22534                    0.22736
0.22435                    0.22637
0.22336                    0.22538
0.22238                    0.22438
0.22139                    0.22339
0.22041                    0.22239
0.21942                    0.22140
0.21843                    0.22040
0.21745                    0.21941
0.21646                    0.21841
0.21548                    0.21742
0.21449                    0.21642
0.21350                    0.21543
0.21252                    0.21443
0.21153                    0.21344
0.21055                    0.21244
0.20956                    0.21145
0.20857                    0.21045
0.20759                    0.20946
0.20660                    0.20846
0.20561                    0.20747
0.20463                    0.20647
0.20364                    0.20547
0.20265                    0.20448
0.20167                    0.20348
0.20068                    0.20249
0.19970                    0.20149
0.19871                    0.20050
0.19772                    0.19950
0.19673                    0.19851
0.19575                    0.19751
0.19476                    0.19651
0.19377                    0.19552
0.19279                    0.19452
0.19180                    0.19353
0.19081                    0.19253
0.18983                    0.19154
0.18884                    0.19054
0.18785                    0.18954
0.18687                    0.18855
0.18588                    0.18755
0.18489                    0.18656
0.18390                    0.18556
0.18292                    0.18456
0.18193                    0.18357
0.18094                    0.18257
0.17996                    0.18158
0.17897                    0.18058
0.17798                    0.17958
0.17699                    0.17859
0.17601                    0.17759
0.17502                    0.17659
0.17403                    0.17560
0.17304                    0.17460
0.17206                    0.17361
0.17107                    0.17261
0.17008                    0.17161
0.16909                    0.17062
0.16811                    0.16962
0.16712                    0.16862
0.16613                    0.16763
0.16514                    0.16663
0.16416                    0.16563
0.16317                    0.16464
0.16218                    0.16364
0.16119                    0.16264
0.16021                    0.16165
0.15922                    0.16065
0.15823                    0.15965
0.15724                    0.15866
0.15625                    0.15766
0.15527                    0.15666
0.15428                    0.15567
0.15329                    0.15467
0.15230                    0.15367
0.15131                    0.15268
0.15033                    0.15168
0.14934                    0.15068
0.14835                    0.14969
0.14736                    0.14869
0.14637                    0.14769
0.14539                    0.14669
0.14440                    0.14570
0.14341                    0.14470
0.14242                    0.14370
0.14143                    0.14271
0.14045                    0.14171
0.13946                    0.14071
0.13847                    0.13972
0.13748                    0.13872
0.13649                    0.13772
0.13550                    0.13672
0.13452                    0.13573
0.13353                    0.13473
0.13254                    0.13373
0.13155                    0.13274
0.13056                    0.13174
0.12957                    0.13074
0.12859                    0.12974
0.12760                    0.12875
0.12661                    0.12775
0.12562                    0.12675
0.12463                    0.12575
0.12364                    0.12476
0.12266                    0.12376
0.12167                    0.12276
0.12068                    0.12176
0.11969                    0.12077
0.11870                    0.11977
0.11771                    0.11877
0.11672                    0.11777
0.11574                    0.11678
0.11475                    0.11578
0.11376                    0.11478
0.11277                    0.11378
0.11178                    0.11279
0.11079                    0.11179
0.10980                    0.11079
0.10882                    0.10979
0.10783                    0.10880
0.10684                    0.10780
0.10585                    0.10680
0.10486                    0.10580
0.10387                    0.10481
0.10288                    0.10381
0.10189                    0.10281
0.10091                    0.10181
0.09992                    0.10082
0.09893                    0.09982
0.09794                    0.09882
0.09695                    0.09782
0.09596                    0.09682
0.09497                    0.09583
0.09398                    0.09483
0.09299                    0.09383
0.09201                    0.09283
0.09102                    0.09184
0.09003                    0.09084
0.08904                    0.08984
0.08805                    0.08884
0.08706                    0.08784
0.08607                    0.08685
0.08508                    0.08585
0.08409                    0.08485
0.08310                    0.08385
0.08212                    0.08285
0.08113                    0.08186
0.08014                    0.08086
0.07915                    0.07986
0.07816                    0.07886
0.07717                    0.07786
0.07618                    0.07687
0.07519                    0.07587
0.07420                    0.07487
0.07321                    0.07387
0.07223                    0.07288
0.07124                    0.07188
0.07025                    0.07088
0.06926                    0.06988
0.06827                    0.06888
0.06728                    0.06788
0.06629                    0.06689
0.06530                    0.06589
0.06431                    0.06489
0.06332                    0.06389
0.06233                    0.06289
0.06134                    0.06190
0.06036                    0.06090
0.05937                    0.05990
0.05838                    0.05890
0.05739                    0.05790
0.05640                    0.05691
0.05541                    0.05591
0.05442                    0.05491
0.05343                    0.05391
0.05244                    0.05291
0.05145                    0.05191
0.05046                    0.05092
0.04947                    0.04992
0.04848                    0.04892
0.04749                    0.04792
0.04651                    0.04692
0.04552                    0.04593
0.04453                    0.04493
0.04354                    0.04393
0.04255                    0.04293
0.04156                    0.04193
0.04057                    0.04093
0.03958                    0.03994
0.03859                    0.03894
0.03760                    0.03794
0.03661                    0.03694
0.03562                    0.03594
0.03463                    0.03494
0.03364                    0.03395
0.03265                    0.03295
0.03166                    0.03195
0.03068                    0.03095
0.02969                    0.02995
0.02870                    0.02895
0.02771                    0.02796
0.02672                    0.02696
0.02573                    0.02596
0.02474                    0.02496
0.02375                    0.02396
0.02276                    0.02296
0.02177                    0.02197
0.02078                    0.02097
0.01979                    0.01997
0.01880                    0.01897
0.01781                    0.01797
0.01682                    0.01697
0.01583                    0.01598
0.01484                    0.01498
0.01385                    0.01398
0.01286                    0.01298
0.01187                    0.01198
0.01089                    0.01098
0.00990                    0.00998
0.00891                    0.00899
0.00792                    0.00799
0.00693                    0.00699
0.00594                    0.00599
0.00495                    0.00499
0.00396                    0.00399
0.00297                    0.00300
0.00198                    0.00200
0.00099                    0.00100
0.00000                    0.00000
