Calculated solution: , Analytical solution:
0.00000                    0.00000
0.04477                    0.08437
0.08066                    0.15985
0.14883                    0.22728
0.20972                    0.28742
0.26402                    0.34096
0.31233                    0.38852
0.35524                    0.43066
0.39324                    0.46789
0.42681                    0.50069
0.45635                    0.52945
0.48225                    0.55458
0.50486                    0.57640
0.52447                    0.59523
0.54138                    0.61135
0.55584                    0.62502
0.56807                    0.63647
0.57830                    0.64591
0.58670                    0.65352
0.59346                    0.65948
0.59872                    0.66395
0.60263                    0.66706
0.60531                    0.66894
0.60688                    0.66972
0.60745                    0.66949
0.60711                    0.66834
0.60594                    0.66638
0.60402                    0.66366
0.60143                    0.66027
0.59823                    0.65626
0.59446                    0.65170
0.59020                    0.64663
0.58548                    0.64111
0.58035                    0.63517
0.57485                    0.62887
0.56900                    0.62222
0.56286                    0.61527
0.55643                    0.60803
0.54975                    0.60055
0.54284                    0.59284
0.53573                    0.58492
0.52843                    0.57682
0.52096                    0.56854
0.51334                    0.56012
0.50558                    0.55155
0.49770                    0.54286
0.48970                    0.53405
0.48159                    0.52515
0.47340                    0.51614
0.46512                    0.50706
0.45676                    0.49789
0.44833                    0.48866
0.43984                    0.47936
0.43130                    0.47001
0.42270                    0.46061
0.41405                    0.45115
0.40536                    0.44166
0.39664                    0.43213
0.38788                    0.42256
0.37909                    0.41296
0.37027                    0.40334
0.36142                    0.39368
0.35255                    0.38401
0.34366                    0.37431
0.33475                    0.36460
0.32582                    0.35486
0.31688                    0.34511
0.30792                    0.33535
0.29895                    0.32557
0.28997                    0.31578
0.28098                    0.30598
0.27198                    0.29618
0.26297                    0.28636
0.25395                    0.27653
0.24492                    0.26670
0.23589                    0.25686
0.22685                    0.24702
0.21781                    0.23717
0.20876                    0.22732
0.19971                    0.21746
0.19065                    0.20759
0.18159                    0.19773
0.17253                    0.18786
0.16347                    0.17799
0.15440                    0.16811
0.14533                    0.15823
0.13625                    0.14835
0.12718                    0.13847
0.11810                    0.12859
0.10902                    0.11870
0.09994                    0.10882
0.09086                    0.09893
0.08178                    0.08904
0.07270                    0.07915
0.06361                    0.06926
0.05453                    0.05937
0.04544                    0.04947
0.03635                    0.03958
0.02727                    0.02969
0.01818                    0.01979
0.00909                    0.00990
0.00000                    0.00000
