Nummerical derivartion in task 1b
n=  100
Nummerical_solution   Analytical_solution
0.0978               0.0844
0.1778               0.1598
0.2479               0.2273
0.3097               0.2874
0.3643               0.3410
0.4124               0.3885
0.4548               0.4307
0.4921               0.4679
0.5247               0.5007
0.5532               0.5295
0.5779               0.5546
0.5993               0.5764
0.6176               0.5952
0.6332               0.6114
0.6463               0.6250
0.6572               0.6365
0.6660               0.6459
0.6731               0.6535
0.6784               0.6595
0.6823               0.6639
0.6849               0.6671
0.6862               0.6689
0.6865               0.6697
0.6857               0.6695
0.6841               0.6683
0.6816               0.6664
0.6784               0.6637
0.6745               0.6603
0.6701               0.6563
0.6651               0.6517
0.6596               0.6466
0.6537               0.6411
0.6473               0.6352
0.6406               0.6289
0.6336               0.6222
0.6263               0.6153
0.6187               0.6080
0.6109               0.6006
0.6029               0.5928
0.5946               0.5849
0.5862               0.5768
0.5776               0.5685
0.5689               0.5601
0.5601               0.5516
0.5511               0.5429
0.5421               0.5341
0.5329               0.5251
0.5236               0.5161
0.5143               0.5071
0.5049               0.4979
0.4955               0.4887
0.4859               0.4794
0.4764               0.4700
0.4668               0.4606
0.4571               0.4512
0.4474               0.4417
0.4377               0.4321
0.4279               0.4226
0.4181               0.4130
0.4083               0.4033
0.3985               0.3937
0.3887               0.3840
0.3788               0.3743
0.3689               0.3646
0.3590               0.3549
0.3491               0.3451
0.3392               0.3353
0.3293               0.3256
0.3193               0.3158
0.3094               0.3060
0.2994               0.2962
0.2895               0.2864
0.2795               0.2765
0.2695               0.2667
0.2596               0.2569
0.2496               0.2470
0.2396               0.2372
0.2296               0.2273
0.2197               0.2175
0.2097               0.2076
0.1997               0.1977
0.1897               0.1879
0.1797               0.1780
0.1697               0.1681
0.1597               0.1582
0.1498               0.1484
0.1398               0.1385
0.1298               0.1286
0.1198               0.1187
0.1098               0.1088
0.0998               0.0989
0.0898               0.0890
0.0798               0.0791
0.0698               0.0693
0.0598               0.0594
0.0498               0.0495
0.0399               0.0396
0.0299               0.0297
0.0199               0.0198
0.0099               0.0099
