Nummerical derivartion in task 1b
n=  1000
Nummerical_solution   Analytical_solution
0.0092               0.0089
0.0182               0.0178
0.0271               0.0265
0.0358               0.0352
0.0445               0.0437
0.0530               0.0522
0.0615               0.0605
0.0698               0.0688
0.0781               0.0770
0.0862               0.0851
0.0943               0.0931
0.1023               0.1010
0.1101               0.1088
0.1179               0.1165
0.1256               0.1242
0.1332               0.1317
0.1407               0.1392
0.1482               0.1466
0.1555               0.1539
0.1628               0.1611
0.1700               0.1683
0.1771               0.1753
0.1841               0.1823
0.1910               0.1892
0.1979               0.1960
0.2046               0.2028
0.2113               0.2094
0.2180               0.2160
0.2245               0.2225
0.2310               0.2290
0.2374               0.2354
0.2437               0.2417
0.2499               0.2479
0.2561               0.2540
0.2622               0.2601
0.2682               0.2661
0.2742               0.2720
0.2800               0.2779
0.2859               0.2837
0.2916               0.2895
0.2973               0.2951
0.3029               0.3007
0.3085               0.3063
0.3139               0.3117
0.3194               0.3171
0.3247               0.3225
0.3300               0.3278
0.3352               0.3330
0.3404               0.3381
0.3455               0.3432
0.3505               0.3483
0.3555               0.3532
0.3604               0.3581
0.3653               0.3630
0.3701               0.3678
0.3749               0.3725
0.3795               0.3772
0.3842               0.3818
0.3888               0.3864
0.3933               0.3909
0.3977               0.3954
0.4021               0.3998
0.4065               0.4041
0.4108               0.4084
0.4151               0.4127
0.4193               0.4169
0.4234               0.4210
0.4275               0.4251
0.4315               0.4292
0.4355               0.4331
0.4395               0.4371
0.4434               0.4410
0.4472               0.4448
0.4510               0.4486
0.4548               0.4524
0.4585               0.4561
0.4621               0.4597
0.4657               0.4633
0.4693               0.4669
0.4728               0.4704
0.4763               0.4739
0.4797               0.4773
0.4831               0.4807
0.4864               0.4840
0.4897               0.4873
0.4930               0.4906
0.4962               0.4938
0.4993               0.4969
0.5025               0.5001
0.5055               0.5032
0.5086               0.5062
0.5116               0.5092
0.5146               0.5122
0.5175               0.5151
0.5204               0.5180
0.5232               0.5208
0.5260               0.5237
0.5288               0.5264
0.5315               0.5292
0.5342               0.5319
0.5369               0.5345
0.5395               0.5371
0.5421               0.5397
0.5446               0.5423
0.5472               0.5448
0.5496               0.5473
0.5521               0.5497
0.5545               0.5522
0.5569               0.5545
0.5592               0.5569
0.5615               0.5592
0.5638               0.5615
0.5660               0.5637
0.5683               0.5659
0.5704               0.5681
0.5726               0.5703
0.5747               0.5724
0.5768               0.5745
0.5788               0.5765
0.5809               0.5786
0.5829               0.5806
0.5848               0.5825
0.5868               0.5845
0.5887               0.5864
0.5905               0.5883
0.5924               0.5901
0.5942               0.5919
0.5960               0.5937
0.5978               0.5955
0.5995               0.5972
0.6012               0.5990
0.6029               0.6007
0.6045               0.6023
0.6062               0.6039
0.6078               0.6056
0.6094               0.6071
0.6109               0.6087
0.6124               0.6102
0.6139               0.6117
0.6154               0.6132
0.6169               0.6147
0.6183               0.6161
0.6197               0.6175
0.6211               0.6189
0.6224               0.6202
0.6237               0.6216
0.6251               0.6229
0.6263               0.6242
0.6276               0.6254
0.6288               0.6267
0.6301               0.6279
0.6313               0.6291
0.6324               0.6303
0.6336               0.6314
0.6347               0.6326
0.6358               0.6337
0.6369               0.6348
0.6380               0.6359
0.6390               0.6369
0.6400               0.6379
0.6410               0.6390
0.6420               0.6399
0.6430               0.6409
0.6439               0.6419
0.6449               0.6428
0.6458               0.6437
0.6467               0.6446
0.6475               0.6455
0.6484               0.6463
0.6492               0.6472
0.6500               0.6480
0.6508               0.6488
0.6516               0.6496
0.6524               0.6504
0.6531               0.6511
0.6538               0.6518
0.6545               0.6526
0.6552               0.6532
0.6559               0.6539
0.6566               0.6546
0.6572               0.6552
0.6578               0.6559
0.6584               0.6565
0.6590               0.6571
0.6596               0.6577
0.6602               0.6582
0.6607               0.6588
0.6613               0.6593
0.6618               0.6598
0.6623               0.6603
0.6628               0.6608
0.6632               0.6613
0.6637               0.6618
0.6641               0.6622
0.6646               0.6627
0.6650               0.6631
0.6654               0.6635
0.6657               0.6639
0.6661               0.6642
0.6665               0.6646
0.6668               0.6650
0.6671               0.6653
0.6675               0.6656
0.6678               0.6659
0.6681               0.6662
0.6683               0.6665
0.6686               0.6668
0.6689               0.6670
0.6691               0.6673
0.6693               0.6675
0.6695               0.6677
0.6697               0.6679
0.6699               0.6681
0.6701               0.6683
0.6703               0.6685
0.6704               0.6687
0.6706               0.6688
0.6707               0.6689
0.6708               0.6691
0.6709               0.6692
0.6710               0.6693
0.6711               0.6694
0.6712               0.6695
0.6713               0.6695
0.6713               0.6696
0.6714               0.6696
0.6714               0.6697
0.6714               0.6697
0.6715               0.6697
0.6715               0.6698
0.6715               0.6698
0.6714               0.6697
0.6714               0.6697
0.6714               0.6697
0.6713               0.6697
0.6713               0.6696
0.6712               0.6695
0.6711               0.6695
0.6711               0.6694
0.6710               0.6693
0.6709               0.6692
0.6708               0.6691
0.6706               0.6690
0.6705               0.6689
0.6704               0.6688
0.6702               0.6686
0.6701               0.6685
0.6699               0.6683
0.6698               0.6681
0.6696               0.6680
0.6694               0.6678
0.6692               0.6676
0.6690               0.6674
0.6688               0.6672
0.6686               0.6670
0.6683               0.6668
0.6681               0.6665
0.6679               0.6663
0.6676               0.6661
0.6674               0.6658
0.6671               0.6655
0.6668               0.6653
0.6666               0.6650
0.6663               0.6647
0.6660               0.6644
0.6657               0.6641
0.6654               0.6638
0.6651               0.6635
0.6647               0.6632
0.6644               0.6629
0.6641               0.6626
0.6637               0.6622
0.6634               0.6619
0.6630               0.6615
0.6627               0.6612
0.6623               0.6608
0.6619               0.6605
0.6616               0.6601
0.6612               0.6597
0.6608               0.6593
0.6604               0.6589
0.6600               0.6585
0.6596               0.6581
0.6592               0.6577
0.6587               0.6573
0.6583               0.6569
0.6579               0.6564
0.6574               0.6560
0.6570               0.6556
0.6565               0.6551
0.6561               0.6547
0.6556               0.6542
0.6552               0.6538
0.6547               0.6533
0.6542               0.6528
0.6537               0.6523
0.6532               0.6519
0.6528               0.6514
0.6523               0.6509
0.6518               0.6504
0.6512               0.6499
0.6507               0.6494
0.6502               0.6489
0.6497               0.6483
0.6492               0.6478
0.6486               0.6473
0.6481               0.6468
0.6476               0.6462
0.6470               0.6457
0.6465               0.6451
0.6459               0.6446
0.6454               0.6440
0.6448               0.6435
0.6442               0.6429
0.6437               0.6423
0.6431               0.6418
0.6425               0.6412
0.6419               0.6406
0.6413               0.6400
0.6407               0.6394
0.6401               0.6388
0.6395               0.6383
0.6389               0.6377
0.6383               0.6370
0.6377               0.6364
0.6371               0.6358
0.6365               0.6352
0.6359               0.6346
0.6352               0.6340
0.6346               0.6333
0.6340               0.6327
0.6333               0.6321
0.6327               0.6314
0.6320               0.6308
0.6314               0.6301
0.6307               0.6295
0.6301               0.6288
0.6294               0.6282
0.6287               0.6275
0.6281               0.6269
0.6274               0.6262
0.6267               0.6255
0.6261               0.6249
0.6254               0.6242
0.6247               0.6235
0.6240               0.6228
0.6233               0.6221
0.6226               0.6214
0.6219               0.6208
0.6212               0.6201
0.6205               0.6194
0.6198               0.6187
0.6191               0.6180
0.6184               0.6173
0.6177               0.6165
0.6170               0.6158
0.6163               0.6151
0.6155               0.6144
0.6148               0.6137
0.6141               0.6130
0.6134               0.6122
0.6126               0.6115
0.6119               0.6108
0.6112               0.6100
0.6104               0.6093
0.6097               0.6086
0.6089               0.6078
0.6082               0.6071
0.6074               0.6063
0.6067               0.6056
0.6059               0.6048
0.6052               0.6041
0.6044               0.6033
0.6036               0.6025
0.6029               0.6018
0.6021               0.6010
0.6013               0.6003
0.6006               0.5995
0.5998               0.5987
0.5990               0.5979
0.5982               0.5972
0.5975               0.5964
0.5967               0.5956
0.5959               0.5948
0.5951               0.5940
0.5943               0.5933
0.5935               0.5925
0.5927               0.5917
0.5919               0.5909
0.5911               0.5901
0.5903               0.5893
0.5895               0.5885
0.5887               0.5877
0.5879               0.5869
0.5871               0.5861
0.5863               0.5853
0.5855               0.5845
0.5847               0.5837
0.5839               0.5828
0.5830               0.5820
0.5822               0.5812
0.5814               0.5804
0.5806               0.5796
0.5797               0.5788
0.5789               0.5779
0.5781               0.5771
0.5773               0.5763
0.5764               0.5754
0.5756               0.5746
0.5748               0.5738
0.5739               0.5730
0.5731               0.5721
0.5722               0.5713
0.5714               0.5704
0.5706               0.5696
0.5697               0.5688
0.5689               0.5679
0.5680               0.5671
0.5672               0.5662
0.5663               0.5654
0.5655               0.5645
0.5646               0.5637
0.5638               0.5628
0.5629               0.5620
0.5621               0.5611
0.5612               0.5603
0.5603               0.5594
0.5595               0.5585
0.5586               0.5577
0.5577               0.5568
0.5569               0.5560
0.5560               0.5551
0.5551               0.5542
0.5543               0.5534
0.5534               0.5525
0.5525               0.5516
0.5516               0.5507
0.5508               0.5499
0.5499               0.5490
0.5490               0.5481
0.5481               0.5473
0.5473               0.5464
0.5464               0.5455
0.5455               0.5446
0.5446               0.5437
0.5437               0.5429
0.5428               0.5420
0.5420               0.5411
0.5411               0.5402
0.5402               0.5393
0.5393               0.5384
0.5384               0.5375
0.5375               0.5366
0.5366               0.5358
0.5357               0.5349
0.5348               0.5340
0.5339               0.5331
0.5330               0.5322
0.5321               0.5313
0.5312               0.5304
0.5303               0.5295
0.5294               0.5286
0.5285               0.5277
0.5276               0.5268
0.5267               0.5259
0.5258               0.5250
0.5249               0.5241
0.5240               0.5232
0.5231               0.5223
0.5222               0.5214
0.5213               0.5204
0.5203               0.5195
0.5194               0.5186
0.5185               0.5177
0.5176               0.5168
0.5167               0.5159
0.5158               0.5150
0.5149               0.5141
0.5139               0.5131
0.5130               0.5122
0.5121               0.5113
0.5112               0.5104
0.5103               0.5095
0.5093               0.5086
0.5084               0.5076
0.5075               0.5067
0.5066               0.5058
0.5056               0.5049
0.5047               0.5040
0.5038               0.5030
0.5029               0.5021
0.5019               0.5012
0.5010               0.5003
0.5001               0.4993
0.4991               0.4984
0.4982               0.4975
0.4973               0.4965
0.4964               0.4956
0.4954               0.4947
0.4945               0.4938
0.4936               0.4928
0.4926               0.4919
0.4917               0.4910
0.4907               0.4900
0.4898               0.4891
0.4889               0.4882
0.4879               0.4872
0.4870               0.4863
0.4861               0.4853
0.4851               0.4844
0.4842               0.4835
0.4832               0.4825
0.4823               0.4816
0.4814               0.4806
0.4804               0.4797
0.4795               0.4788
0.4785               0.4778
0.4776               0.4769
0.4766               0.4759
0.4757               0.4750
0.4747               0.4741
0.4738               0.4731
0.4728               0.4722
0.4719               0.4712
0.4710               0.4703
0.4700               0.4693
0.4691               0.4684
0.4681               0.4674
0.4672               0.4665
0.4662               0.4655
0.4653               0.4646
0.4643               0.4636
0.4633               0.4627
0.4624               0.4617
0.4614               0.4608
0.4605               0.4598
0.4595               0.4589
0.4586               0.4579
0.4576               0.4570
0.4567               0.4560
0.4557               0.4551
0.4548               0.4541
0.4538               0.4532
0.4528               0.4522
0.4519               0.4512
0.4509               0.4503
0.4500               0.4493
0.4490               0.4484
0.4480               0.4474
0.4471               0.4465
0.4461               0.4455
0.4452               0.4445
0.4442               0.4436
0.4432               0.4426
0.4423               0.4417
0.4413               0.4407
0.4404               0.4397
0.4394               0.4388
0.4384               0.4378
0.4375               0.4369
0.4365               0.4359
0.4355               0.4349
0.4346               0.4340
0.4336               0.4330
0.4326               0.4321
0.4317               0.4311
0.4307               0.4301
0.4297               0.4292
0.4288               0.4282
0.4278               0.4272
0.4268               0.4263
0.4259               0.4253
0.4249               0.4243
0.4239               0.4234
0.4230               0.4224
0.4220               0.4214
0.4210               0.4205
0.4201               0.4195
0.4191               0.4185
0.4181               0.4176
0.4172               0.4166
0.4162               0.4156
0.4152               0.4147
0.4142               0.4137
0.4133               0.4127
0.4123               0.4117
0.4113               0.4108
0.4104               0.4098
0.4094               0.4088
0.4084               0.4079
0.4074               0.4069
0.4065               0.4059
0.4055               0.4049
0.4045               0.4040
0.4035               0.4030
0.4026               0.4020
0.4016               0.4011
0.4006               0.4001
0.3996               0.3991
0.3987               0.3981
0.3977               0.3972
0.3967               0.3962
0.3957               0.3952
0.3948               0.3942
0.3938               0.3933
0.3928               0.3923
0.3918               0.3913
0.3908               0.3903
0.3899               0.3894
0.3889               0.3884
0.3879               0.3874
0.3869               0.3864
0.3860               0.3855
0.3850               0.3845
0.3840               0.3835
0.3830               0.3825
0.3820               0.3815
0.3811               0.3806
0.3801               0.3796
0.3791               0.3786
0.3781               0.3776
0.3771               0.3766
0.3762               0.3757
0.3752               0.3747
0.3742               0.3737
0.3732               0.3727
0.3722               0.3718
0.3712               0.3708
0.3703               0.3698
0.3693               0.3688
0.3683               0.3678
0.3673               0.3668
0.3663               0.3659
0.3654               0.3649
0.3644               0.3639
0.3634               0.3629
0.3624               0.3619
0.3614               0.3610
0.3604               0.3600
0.3595               0.3590
0.3585               0.3580
0.3575               0.3570
0.3565               0.3560
0.3555               0.3551
0.3545               0.3541
0.3535               0.3531
0.3526               0.3521
0.3516               0.3511
0.3506               0.3501
0.3496               0.3492
0.3486               0.3482
0.3476               0.3472
0.3466               0.3462
0.3457               0.3452
0.3447               0.3442
0.3437               0.3433
0.3427               0.3423
0.3417               0.3413
0.3407               0.3403
0.3397               0.3393
0.3388               0.3383
0.3378               0.3373
0.3368               0.3364
0.3358               0.3354
0.3348               0.3344
0.3338               0.3334
0.3328               0.3324
0.3318               0.3314
0.3309               0.3304
0.3299               0.3295
0.3289               0.3285
0.3279               0.3275
0.3269               0.3265
0.3259               0.3255
0.3249               0.3245
0.3239               0.3235
0.3229               0.3226
0.3220               0.3216
0.3210               0.3206
0.3200               0.3196
0.3190               0.3186
0.3180               0.3176
0.3170               0.3166
0.3160               0.3156
0.3150               0.3146
0.3140               0.3137
0.3131               0.3127
0.3121               0.3117
0.3111               0.3107
0.3101               0.3097
0.3091               0.3087
0.3081               0.3077
0.3071               0.3067
0.3061               0.3057
0.3051               0.3048
0.3041               0.3038
0.3031               0.3028
0.3022               0.3018
0.3012               0.3008
0.3002               0.2998
0.2992               0.2988
0.2982               0.2978
0.2972               0.2968
0.2962               0.2959
0.2952               0.2949
0.2942               0.2939
0.2932               0.2929
0.2922               0.2919
0.2912               0.2909
0.2903               0.2899
0.2893               0.2889
0.2883               0.2879
0.2873               0.2869
0.2863               0.2859
0.2853               0.2850
0.2843               0.2840
0.2833               0.2830
0.2823               0.2820
0.2813               0.2810
0.2803               0.2800
0.2793               0.2790
0.2783               0.2780
0.2774               0.2770
0.2764               0.2760
0.2754               0.2750
0.2744               0.2740
0.2734               0.2731
0.2724               0.2721
0.2714               0.2711
0.2704               0.2701
0.2694               0.2691
0.2684               0.2681
0.2674               0.2671
0.2664               0.2661
0.2654               0.2651
0.2644               0.2641
0.2634               0.2631
0.2624               0.2621
0.2615               0.2611
0.2605               0.2602
0.2595               0.2592
0.2585               0.2582
0.2575               0.2572
0.2565               0.2562
0.2555               0.2552
0.2545               0.2542
0.2535               0.2532
0.2525               0.2522
0.2515               0.2512
0.2505               0.2502
0.2495               0.2492
0.2485               0.2482
0.2475               0.2472
0.2465               0.2463
0.2455               0.2453
0.2445               0.2443
0.2436               0.2433
0.2426               0.2423
0.2416               0.2413
0.2406               0.2403
0.2396               0.2393
0.2386               0.2383
0.2376               0.2373
0.2366               0.2363
0.2356               0.2353
0.2346               0.2343
0.2336               0.2333
0.2326               0.2323
0.2316               0.2313
0.2306               0.2303
0.2296               0.2294
0.2286               0.2284
0.2276               0.2274
0.2266               0.2264
0.2256               0.2254
0.2246               0.2244
0.2236               0.2234
0.2226               0.2224
0.2216               0.2214
0.2207               0.2204
0.2197               0.2194
0.2187               0.2184
0.2177               0.2174
0.2167               0.2164
0.2157               0.2154
0.2147               0.2144
0.2137               0.2134
0.2127               0.2124
0.2117               0.2114
0.2107               0.2105
0.2097               0.2095
0.2087               0.2085
0.2077               0.2075
0.2067               0.2065
0.2057               0.2055
0.2047               0.2045
0.2037               0.2035
0.2027               0.2025
0.2017               0.2015
0.2007               0.2005
0.1997               0.1995
0.1987               0.1985
0.1977               0.1975
0.1967               0.1965
0.1957               0.1955
0.1947               0.1945
0.1937               0.1935
0.1927               0.1925
0.1917               0.1915
0.1908               0.1905
0.1898               0.1895
0.1888               0.1885
0.1878               0.1876
0.1868               0.1866
0.1858               0.1856
0.1848               0.1846
0.1838               0.1836
0.1828               0.1826
0.1818               0.1816
0.1808               0.1806
0.1798               0.1796
0.1788               0.1786
0.1778               0.1776
0.1768               0.1766
0.1758               0.1756
0.1748               0.1746
0.1738               0.1736
0.1728               0.1726
0.1718               0.1716
0.1708               0.1706
0.1698               0.1696
0.1688               0.1686
0.1678               0.1676
0.1668               0.1666
0.1658               0.1656
0.1648               0.1646
0.1638               0.1636
0.1628               0.1626
0.1618               0.1616
0.1608               0.1607
0.1598               0.1597
0.1588               0.1587
0.1578               0.1577
0.1568               0.1567
0.1558               0.1557
0.1548               0.1547
0.1538               0.1537
0.1528               0.1527
0.1518               0.1517
0.1508               0.1507
0.1498               0.1497
0.1488               0.1487
0.1479               0.1477
0.1469               0.1467
0.1459               0.1457
0.1449               0.1447
0.1439               0.1437
0.1429               0.1427
0.1419               0.1417
0.1409               0.1407
0.1399               0.1397
0.1389               0.1387
0.1379               0.1377
0.1369               0.1367
0.1359               0.1357
0.1349               0.1347
0.1339               0.1337
0.1329               0.1327
0.1319               0.1317
0.1309               0.1307
0.1299               0.1297
0.1289               0.1287
0.1279               0.1277
0.1269               0.1268
0.1259               0.1258
0.1249               0.1248
0.1239               0.1238
0.1229               0.1228
0.1219               0.1218
0.1209               0.1208
0.1199               0.1198
0.1189               0.1188
0.1179               0.1178
0.1169               0.1168
0.1159               0.1158
0.1149               0.1148
0.1139               0.1138
0.1129               0.1128
0.1119               0.1118
0.1109               0.1108
0.1099               0.1098
0.1089               0.1088
0.1079               0.1078
0.1069               0.1068
0.1059               0.1058
0.1049               0.1048
0.1039               0.1038
0.1029               0.1028
0.1019               0.1018
0.1009               0.1008
0.0999               0.0998
0.0989               0.0988
0.0979               0.0978
0.0969               0.0968
0.0959               0.0958
0.0949               0.0948
0.0939               0.0938
0.0929               0.0928
0.0919               0.0918
0.0909               0.0908
0.0899               0.0898
0.0889               0.0888
0.0879               0.0878
0.0869               0.0868
0.0859               0.0858
0.0849               0.0849
0.0839               0.0839
0.0829               0.0829
0.0819               0.0819
0.0809               0.0809
0.0799               0.0799
0.0789               0.0789
0.0779               0.0779
0.0769               0.0769
0.0759               0.0759
0.0749               0.0749
0.0739               0.0739
0.0729               0.0729
0.0720               0.0719
0.0710               0.0709
0.0700               0.0699
0.0690               0.0689
0.0680               0.0679
0.0670               0.0669
0.0660               0.0659
0.0650               0.0649
0.0640               0.0639
0.0630               0.0629
0.0620               0.0619
0.0610               0.0609
0.0600               0.0599
0.0590               0.0589
0.0580               0.0579
0.0570               0.0569
0.0560               0.0559
0.0550               0.0549
0.0540               0.0539
0.0530               0.0529
0.0520               0.0519
0.0510               0.0509
0.0500               0.0499
0.0490               0.0489
0.0480               0.0479
0.0470               0.0469
0.0460               0.0459
0.0450               0.0449
0.0440               0.0439
0.0430               0.0429
0.0420               0.0419
0.0410               0.0409
0.0400               0.0399
0.0390               0.0389
0.0380               0.0379
0.0370               0.0369
0.0360               0.0359
0.0350               0.0349
0.0340               0.0339
0.0330               0.0329
0.0320               0.0319
0.0310               0.0310
0.0300               0.0300
0.0290               0.0290
0.0280               0.0280
0.0270               0.0270
0.0260               0.0260
0.0250               0.0250
0.0240               0.0240
0.0230               0.0230
0.0220               0.0220
0.0210               0.0210
0.0200               0.0200
0.0190               0.0190
0.0180               0.0180
0.0170               0.0170
0.0160               0.0160
0.0150               0.0150
0.0140               0.0140
0.0130               0.0130
0.0120               0.0120
0.0110               0.0110
0.0100               0.0100
0.0090               0.0090
0.0080               0.0080
0.0070               0.0070
0.0060               0.0060
0.0050               0.0050
0.0040               0.0040
0.0030               0.0030
0.0020               0.0020
0.0010               0.0010
