Calculated solution: , Analytical solution:
0.00000                    0.00000
0.00894                    0.00894
0.01778                    0.01778
0.02653                    0.02653
0.03518                    0.03518
0.04373                    0.04373
0.05218                    0.05219
0.06055                    0.06055
0.06882                    0.06882
0.07700                    0.07700
0.08508                    0.08508
0.09308                    0.09308
0.10098                    0.10099
0.10880                    0.10880
0.11653                    0.11653
0.12418                    0.12418
0.13174                    0.13174
0.13921                    0.13921
0.14660                    0.14660
0.15390                    0.15390
0.16113                    0.16113
0.16827                    0.16827
0.17533                    0.17533
0.18231                    0.18231
0.18921                    0.18921
0.19603                    0.19603
0.20277                    0.20278
0.20944                    0.20944
0.21603                    0.21603
0.22255                    0.22255
0.22899                    0.22899
0.23536                    0.23536
0.24165                    0.24165
0.24787                    0.24787
0.25402                    0.25402
0.26010                    0.26010
0.26611                    0.26611
0.27205                    0.27205
0.27792                    0.27792
0.28372                    0.28372
0.28945                    0.28945
0.29512                    0.29512
0.30072                    0.30072
0.30625                    0.30626
0.31172                    0.31173
0.31713                    0.31713
0.32247                    0.32247
0.32775                    0.32775
0.33297                    0.33297
0.33812                    0.33812
0.34322                    0.34322
0.34825                    0.34825
0.35322                    0.35322
0.35814                    0.35814
0.36299                    0.36299
0.36779                    0.36779
0.37253                    0.37253
0.37721                    0.37721
0.38183                    0.38184
0.38640                    0.38641
0.39092                    0.39092
0.39538                    0.39538
0.39978                    0.39979
0.40414                    0.40414
0.40843                    0.40844
0.41268                    0.41268
0.41687                    0.41688
0.42102                    0.42102
0.42511                    0.42511
0.42915                    0.42915
0.43314                    0.43314
0.43708                    0.43708
0.44097                    0.44097
0.44481                    0.44482
0.44861                    0.44861
0.45235                    0.45236
0.45605                    0.45606
0.45971                    0.45971
0.46331                    0.46332
0.46688                    0.46688
0.47039                    0.47040
0.47386                    0.47387
0.47729                    0.47729
0.48067                    0.48068
0.48401                    0.48401
0.48731                    0.48731
0.49056                    0.49056
0.49377                    0.49378
0.49694                    0.49694
0.50007                    0.50007
0.50315                    0.50316
0.50620                    0.50620
0.50921                    0.50921
0.51217                    0.51218
0.51510                    0.51510
0.51799                    0.51799
0.52084                    0.52084
0.52365                    0.52365
0.52642                    0.52642
0.52915                    0.52916
0.53185                    0.53186
0.53451                    0.53452
0.53714                    0.53714
0.53973                    0.53973
0.54228                    0.54229
0.54480                    0.54480
0.54728                    0.54729
0.54973                    0.54974
0.55215                    0.55215
0.55453                    0.55453
0.55687                    0.55688
0.55919                    0.55919
0.56147                    0.56147
0.56372                    0.56372
0.56593                    0.56594
0.56811                    0.56812
0.57027                    0.57027
0.57239                    0.57239
0.57448                    0.57448
0.57654                    0.57654
0.57857                    0.57857
0.58056                    0.58057
0.58253                    0.58254
0.58447                    0.58448
0.58638                    0.58639
0.58826                    0.58827
0.59012                    0.59012
0.59194                    0.59194
0.59374                    0.59374
0.59550                    0.59551
0.59724                    0.59725
0.59896                    0.59896
0.60065                    0.60065
0.60230                    0.60231
0.60394                    0.60394
0.60555                    0.60555
0.60713                    0.60713
0.60868                    0.60869
0.61021                    0.61022
0.61172                    0.61172
0.61320                    0.61320
0.61465                    0.61466
0.61609                    0.61609
0.61749                    0.61750
0.61888                    0.61888
0.62024                    0.62024
0.62157                    0.62158
0.62288                    0.62289
0.62417                    0.62418
0.62544                    0.62545
0.62669                    0.62669
0.62791                    0.62791
0.62911                    0.62911
0.63029                    0.63029
0.63144                    0.63145
0.63258                    0.63258
0.63369                    0.63370
0.63479                    0.63479
0.63586                    0.63586
0.63691                    0.63692
0.63794                    0.63795
0.63895                    0.63896
0.63994                    0.63995
0.64092                    0.64092
0.64187                    0.64187
0.64280                    0.64281
0.64371                    0.64372
0.64461                    0.64461
0.64548                    0.64549
0.64634                    0.64635
0.64718                    0.64718
0.64800                    0.64800
0.64880                    0.64881
0.64958                    0.64959
0.65035                    0.65036
0.65110                    0.65110
0.65183                    0.65184
0.65254                    0.65255
0.65324                    0.65325
0.65392                    0.65393
0.65459                    0.65459
0.65523                    0.65524
0.65586                    0.65587
0.65648                    0.65648
0.65708                    0.65708
0.65766                    0.65767
0.65823                    0.65823
0.65878                    0.65878
0.65931                    0.65932
0.65983                    0.65984
0.66034                    0.66035
0.66083                    0.66084
0.66131                    0.66131
0.66177                    0.66177
0.66221                    0.66222
0.66265                    0.66265
0.66306                    0.66307
0.66347                    0.66347
0.66386                    0.66386
0.66423                    0.66424
0.66460                    0.66460
0.66495                    0.66495
0.66528                    0.66529
0.66560                    0.66561
0.66591                    0.66592
0.66621                    0.66622
0.66649                    0.66650
0.66676                    0.66677
0.66702                    0.66703
0.66727                    0.66727
0.66750                    0.66751
0.66772                    0.66773
0.66793                    0.66794
0.66813                    0.66813
0.66831                    0.66832
0.66848                    0.66849
0.66865                    0.66865
0.66880                    0.66880
0.66893                    0.66894
0.66906                    0.66907
0.66918                    0.66918
0.66928                    0.66929
0.66938                    0.66938
0.66946                    0.66946
0.66953                    0.66954
0.66959                    0.66960
0.66964                    0.66965
0.66968                    0.66969
0.66972                    0.66972
0.66974                    0.66974
0.66975                    0.66975
0.66975                    0.66975
0.66974                    0.66974
0.66972                    0.66972
0.66969                    0.66969
0.66965                    0.66965
0.66960                    0.66960
0.66954                    0.66955
0.66947                    0.66948
0.66940                    0.66940
0.66931                    0.66931
0.66921                    0.66922
0.66911                    0.66912
0.66900                    0.66900
0.66888                    0.66888
0.66875                    0.66875
0.66861                    0.66861
0.66846                    0.66846
0.66830                    0.66831
0.66814                    0.66814
0.66797                    0.66797
0.66778                    0.66779
0.66760                    0.66760
0.66740                    0.66740
0.66719                    0.66720
0.66698                    0.66699
0.66676                    0.66676
0.66653                    0.66654
0.66629                    0.66630
0.66605                    0.66606
0.66580                    0.66580
0.66554                    0.66555
0.66527                    0.66528
0.66500                    0.66501
0.66472                    0.66473
0.66443                    0.66444
0.66414                    0.66414
0.66384                    0.66384
0.66353                    0.66353
0.66321                    0.66322
0.66289                    0.66289
0.66256                    0.66257
0.66222                    0.66223
0.66188                    0.66189
0.66153                    0.66154
0.66118                    0.66118
0.66082                    0.66082
0.66045                    0.66045
0.66007                    0.66008
0.65969                    0.65970
0.65931                    0.65931
0.65891                    0.65892
0.65851                    0.65852
0.65811                    0.65812
0.65770                    0.65770
0.65728                    0.65729
0.65686                    0.65687
0.65643                    0.65644
0.65600                    0.65600
0.65556                    0.65556
0.65511                    0.65512
0.65466                    0.65467
0.65421                    0.65421
0.65375                    0.65375
0.65328                    0.65329
0.65281                    0.65281
0.65233                    0.65234
0.65185                    0.65185
0.65136                    0.65137
0.65087                    0.65087
0.65037                    0.65038
0.64987                    0.64987
0.64936                    0.64937
0.64885                    0.64885
0.64833                    0.64834
0.64781                    0.64782
0.64728                    0.64729
0.64675                    0.64676
0.64622                    0.64622
0.64567                    0.64568
0.64513                    0.64513
0.64458                    0.64459
0.64403                    0.64403
0.64347                    0.64347
0.64290                    0.64291
0.64234                    0.64234
0.64176                    0.64177
0.64119                    0.64119
0.64061                    0.64061
0.64002                    0.64003
0.63944                    0.63944
0.63884                    0.63885
0.63825                    0.63825
0.63765                    0.63765
0.63704                    0.63705
0.63643                    0.63644
0.63582                    0.63583
0.63521                    0.63521
0.63459                    0.63459
0.63396                    0.63397
0.63333                    0.63334
0.63270                    0.63271
0.63207                    0.63207
0.63143                    0.63144
0.63079                    0.63079
0.63014                    0.63015
0.62949                    0.62950
0.62884                    0.62885
0.62819                    0.62819
0.62753                    0.62753
0.62686                    0.62687
0.62620                    0.62620
0.62553                    0.62553
0.62485                    0.62486
0.62418                    0.62418
0.62350                    0.62351
0.62282                    0.62282
0.62213                    0.62214
0.62144                    0.62145
0.62075                    0.62076
0.62006                    0.62006
0.61936                    0.61936
0.61866                    0.61866
0.61796                    0.61796
0.61725                    0.61725
0.61654                    0.61654
0.61583                    0.61583
0.61511                    0.61512
0.61439                    0.61440
0.61367                    0.61368
0.61295                    0.61295
0.61222                    0.61223
0.61149                    0.61150
0.61076                    0.61077
0.61003                    0.61003
0.60929                    0.60930
0.60855                    0.60856
0.60781                    0.60781
0.60706                    0.60707
0.60632                    0.60632
0.60557                    0.60557
0.60481                    0.60482
0.60406                    0.60406
0.60330                    0.60331
0.60254                    0.60255
0.60178                    0.60179
0.60102                    0.60102
0.60025                    0.60025
0.59948                    0.59949
0.59871                    0.59871
0.59794                    0.59794
0.59716                    0.59717
0.59638                    0.59639
0.59560                    0.59561
0.59482                    0.59482
0.59404                    0.59404
0.59325                    0.59325
0.59246                    0.59246
0.59167                    0.59167
0.59088                    0.59088
0.59008                    0.59009
0.58928                    0.58929
0.58849                    0.58849
0.58768                    0.58769
0.58688                    0.58689
0.58608                    0.58608
0.58527                    0.58527
0.58446                    0.58447
0.58365                    0.58366
0.58284                    0.58284
0.58202                    0.58203
0.58121                    0.58121
0.58039                    0.58039
0.57957                    0.57957
0.57875                    0.57875
0.57793                    0.57793
0.57710                    0.57710
0.57627                    0.57628
0.57544                    0.57545
0.57461                    0.57462
0.57378                    0.57379
0.57295                    0.57295
0.57211                    0.57212
0.57128                    0.57128
0.57044                    0.57044
0.56960                    0.56960
0.56876                    0.56876
0.56791                    0.56792
0.56707                    0.56707
0.56622                    0.56623
0.56538                    0.56538
0.56453                    0.56453
0.56368                    0.56368
0.56282                    0.56283
0.56197                    0.56197
0.56111                    0.56112
0.56026                    0.56026
0.55940                    0.55940
0.55854                    0.55855
0.55768                    0.55768
0.55682                    0.55682
0.55595                    0.55596
0.55509                    0.55509
0.55422                    0.55423
0.55336                    0.55336
0.55249                    0.55249
0.55162                    0.55162
0.55075                    0.55075
0.54987                    0.54988
0.54900                    0.54900
0.54812                    0.54813
0.54725                    0.54725
0.54637                    0.54637
0.54549                    0.54550
0.54461                    0.54462
0.54373                    0.54373
0.54285                    0.54285
0.54196                    0.54197
0.54108                    0.54108
0.54019                    0.54020
0.53931                    0.53931
0.53842                    0.53842
0.53753                    0.53753
0.53664                    0.53664
0.53575                    0.53575
0.53486                    0.53486
0.53396                    0.53397
0.53307                    0.53307
0.53217                    0.53218
0.53128                    0.53128
0.53038                    0.53038
0.52948                    0.52948
0.52858                    0.52858
0.52768                    0.52768
0.52678                    0.52678
0.52588                    0.52588
0.52497                    0.52498
0.52407                    0.52407
0.52316                    0.52317
0.52226                    0.52226
0.52135                    0.52135
0.52044                    0.52044
0.51953                    0.51954
0.51862                    0.51863
0.51771                    0.51771
0.51680                    0.51680
0.51589                    0.51589
0.51497                    0.51498
0.51406                    0.51406
0.51314                    0.51315
0.51223                    0.51223
0.51131                    0.51132
0.51039                    0.51040
0.50948                    0.50948
0.50856                    0.50856
0.50764                    0.50764
0.50672                    0.50672
0.50579                    0.50580
0.50487                    0.50488
0.50395                    0.50395
0.50302                    0.50303
0.50210                    0.50210
0.50117                    0.50118
0.50025                    0.50025
0.49932                    0.49933
0.49839                    0.49840
0.49747                    0.49747
0.49654                    0.49654
0.49561                    0.49561
0.49468                    0.49468
0.49375                    0.49375
0.49281                    0.49282
0.49188                    0.49189
0.49095                    0.49095
0.49002                    0.49002
0.48908                    0.48909
0.48815                    0.48815
0.48721                    0.48722
0.48627                    0.48628
0.48534                    0.48534
0.48440                    0.48440
0.48346                    0.48347
0.48252                    0.48253
0.48158                    0.48159
0.48064                    0.48065
0.47970                    0.47971
0.47876                    0.47877
0.47782                    0.47783
0.47688                    0.47688
0.47594                    0.47594
0.47499                    0.47500
0.47405                    0.47405
0.47311                    0.47311
0.47216                    0.47216
0.47122                    0.47122
0.47027                    0.47027
0.46932                    0.46933
0.46838                    0.46838
0.46743                    0.46743
0.46648                    0.46648
0.46553                    0.46554
0.46458                    0.46459
0.46363                    0.46364
0.46268                    0.46269
0.46173                    0.46174
0.46078                    0.46079
0.45983                    0.45983
0.45888                    0.45888
0.45793                    0.45793
0.45697                    0.45698
0.45602                    0.45602
0.45507                    0.45507
0.45411                    0.45411
0.45316                    0.45316
0.45220                    0.45220
0.45125                    0.45125
0.45029                    0.45029
0.44933                    0.44934
0.44838                    0.44838
0.44742                    0.44742
0.44646                    0.44647
0.44550                    0.44551
0.44454                    0.44455
0.44359                    0.44359
0.44263                    0.44263
0.44167                    0.44167
0.44071                    0.44071
0.43975                    0.43975
0.43879                    0.43879
0.43782                    0.43783
0.43686                    0.43687
0.43590                    0.43590
0.43494                    0.43494
0.43398                    0.43398
0.43301                    0.43302
0.43205                    0.43205
0.43109                    0.43109
0.43012                    0.43012
0.42916                    0.42916
0.42819                    0.42820
0.42723                    0.42723
0.42626                    0.42626
0.42530                    0.42530
0.42433                    0.42433
0.42336                    0.42337
0.42240                    0.42240
0.42143                    0.42143
0.42046                    0.42046
0.41949                    0.41950
0.41853                    0.41853
0.41756                    0.41756
0.41659                    0.41659
0.41562                    0.41562
0.41465                    0.41465
0.41368                    0.41368
0.41271                    0.41271
0.41174                    0.41174
0.41077                    0.41077
0.40980                    0.40980
0.40883                    0.40883
0.40786                    0.40786
0.40689                    0.40689
0.40591                    0.40592
0.40494                    0.40495
0.40397                    0.40397
0.40300                    0.40300
0.40202                    0.40203
0.40105                    0.40105
0.40008                    0.40008
0.39910                    0.39911
0.39813                    0.39813
0.39716                    0.39716
0.39618                    0.39618
0.39521                    0.39521
0.39423                    0.39423
0.39326                    0.39326
0.39228                    0.39228
0.39131                    0.39131
0.39033                    0.39033
0.38935                    0.38936
0.38838                    0.38838
0.38740                    0.38740
0.38642                    0.38643
0.38545                    0.38545
0.38447                    0.38447
0.38349                    0.38350
0.38251                    0.38252
0.38154                    0.38154
0.38056                    0.38056
0.37958                    0.37958
0.37860                    0.37861
0.37762                    0.37763
0.37664                    0.37665
0.37567                    0.37567
0.37469                    0.37469
0.37371                    0.37371
0.37273                    0.37273
0.37175                    0.37175
0.37077                    0.37077
0.36979                    0.36979
0.36881                    0.36881
0.36783                    0.36783
0.36685                    0.36685
0.36586                    0.36587
0.36488                    0.36489
0.36390                    0.36391
0.36292                    0.36292
0.36194                    0.36194
0.36096                    0.36096
0.35998                    0.35998
0.35899                    0.35900
0.35801                    0.35801
0.35703                    0.35703
0.35605                    0.35605
0.35506                    0.35507
0.35408                    0.35408
0.35310                    0.35310
0.35211                    0.35212
0.35113                    0.35113
0.35015                    0.35015
0.34916                    0.34917
0.34818                    0.34818
0.34719                    0.34720
0.34621                    0.34621
0.34523                    0.34523
0.34424                    0.34424
0.34326                    0.34326
0.34227                    0.34228
0.34129                    0.34129
0.34030                    0.34031
0.33932                    0.33932
0.33833                    0.33833
0.33735                    0.33735
0.33636                    0.33636
0.33537                    0.33538
0.33439                    0.33439
0.33340                    0.33341
0.33242                    0.33242
0.33143                    0.33143
0.33044                    0.33045
0.32946                    0.32946
0.32847                    0.32847
0.32748                    0.32749
0.32650                    0.32650
0.32551                    0.32551
0.32452                    0.32453
0.32354                    0.32354
0.32255                    0.32255
0.32156                    0.32156
0.32057                    0.32058
0.31959                    0.31959
0.31860                    0.31860
0.31761                    0.31761
0.31662                    0.31663
0.31563                    0.31564
0.31465                    0.31465
0.31366                    0.31366
0.31267                    0.31267
0.31168                    0.31168
0.31069                    0.31069
0.30970                    0.30971
0.30871                    0.30872
0.30773                    0.30773
0.30674                    0.30674
0.30575                    0.30575
0.30476                    0.30476
0.30377                    0.30377
0.30278                    0.30278
0.30179                    0.30179
0.30080                    0.30080
0.29981                    0.29981
0.29882                    0.29882
0.29783                    0.29783
0.29684                    0.29684
0.29585                    0.29585
0.29486                    0.29486
0.29387                    0.29387
0.29288                    0.29288
0.29189                    0.29189
0.29090                    0.29090
0.28991                    0.28991
0.28892                    0.28892
0.28793                    0.28793
0.28694                    0.28694
0.28594                    0.28595
0.28495                    0.28496
0.28396                    0.28397
0.28297                    0.28297
0.28198                    0.28198
0.28099                    0.28099
0.28000                    0.28000
0.27901                    0.27901
0.27801                    0.27802
0.27702                    0.27703
0.27603                    0.27603
0.27504                    0.27504
0.27405                    0.27405
0.27306                    0.27306
0.27206                    0.27207
0.27107                    0.27107
0.27008                    0.27008
0.26909                    0.26909
0.26810                    0.26810
0.26710                    0.26711
0.26611                    0.26611
0.26512                    0.26512
0.26413                    0.26413
0.26313                    0.26314
0.26214                    0.26214
0.26115                    0.26115
0.26015                    0.26016
0.25916                    0.25916
0.25817                    0.25817
0.25718                    0.25718
0.25618                    0.25619
0.25519                    0.25519
0.25420                    0.25420
0.25320                    0.25321
0.25221                    0.25221
0.25122                    0.25122
0.25022                    0.25023
0.24923                    0.24923
0.24824                    0.24824
0.24724                    0.24725
0.24625                    0.24625
0.24526                    0.24526
0.24426                    0.24426
0.24327                    0.24327
0.24228                    0.24228
0.24128                    0.24128
0.24029                    0.24029
0.23929                    0.23930
0.23830                    0.23830
0.23731                    0.23731
0.23631                    0.23631
0.23532                    0.23532
0.23432                    0.23433
0.23333                    0.23333
0.23233                    0.23234
0.23134                    0.23134
0.23035                    0.23035
0.22935                    0.22935
0.22836                    0.22836
0.22736                    0.22736
0.22637                    0.22637
0.22537                    0.22538
0.22438                    0.22438
0.22338                    0.22339
0.22239                    0.22239
0.22139                    0.22140
0.22040                    0.22040
0.21940                    0.21941
0.21841                    0.21841
0.21742                    0.21742
0.21642                    0.21642
0.21543                    0.21543
0.21443                    0.21443
0.21344                    0.21344
0.21244                    0.21244
0.21144                    0.21145
0.21045                    0.21045
0.20945                    0.20946
0.20846                    0.20846
0.20746                    0.20747
0.20647                    0.20647
0.20547                    0.20547
0.20448                    0.20448
0.20348                    0.20348
0.20249                    0.20249
0.20149                    0.20149
0.20050                    0.20050
0.19950                    0.19950
0.19850                    0.19851
0.19751                    0.19751
0.19651                    0.19651
0.19552                    0.19552
0.19452                    0.19452
0.19353                    0.19353
0.19253                    0.19253
0.19153                    0.19154
0.19054                    0.19054
0.18954                    0.18954
0.18855                    0.18855
0.18755                    0.18755
0.18655                    0.18656
0.18556                    0.18556
0.18456                    0.18456
0.18357                    0.18357
0.18257                    0.18257
0.18157                    0.18158
0.18058                    0.18058
0.17958                    0.17958
0.17859                    0.17859
0.17759                    0.17759
0.17659                    0.17659
0.17560                    0.17560
0.17460                    0.17460
0.17360                    0.17361
0.17261                    0.17261
0.17161                    0.17161
0.17061                    0.17062
0.16962                    0.16962
0.16862                    0.16862
0.16763                    0.16763
0.16663                    0.16663
0.16563                    0.16563
0.16464                    0.16464
0.16364                    0.16364
0.16264                    0.16264
0.16165                    0.16165
0.16065                    0.16065
0.15965                    0.15965
0.15866                    0.15866
0.15766                    0.15766
0.15666                    0.15666
0.15567                    0.15567
0.15467                    0.15467
0.15367                    0.15367
0.15267                    0.15268
0.15168                    0.15168
0.15068                    0.15068
0.14968                    0.14969
0.14869                    0.14869
0.14769                    0.14769
0.14669                    0.14669
0.14570                    0.14570
0.14470                    0.14470
0.14370                    0.14370
0.14271                    0.14271
0.14171                    0.14171
0.14071                    0.14071
0.13971                    0.13972
0.13872                    0.13872
0.13772                    0.13772
0.13672                    0.13672
0.13573                    0.13573
0.13473                    0.13473
0.13373                    0.13373
0.13273                    0.13274
0.13174                    0.13174
0.13074                    0.13074
0.12974                    0.12974
0.12874                    0.12875
0.12775                    0.12775
0.12675                    0.12675
0.12575                    0.12575
0.12476                    0.12476
0.12376                    0.12376
0.12276                    0.12276
0.12176                    0.12176
0.12077                    0.12077
0.11977                    0.11977
0.11877                    0.11877
0.11777                    0.11777
0.11678                    0.11678
0.11578                    0.11578
0.11478                    0.11478
0.11378                    0.11378
0.11279                    0.11279
0.11179                    0.11179
0.11079                    0.11079
0.10979                    0.10979
0.10880                    0.10880
0.10780                    0.10780
0.10680                    0.10680
0.10580                    0.10580
0.10481                    0.10481
0.10381                    0.10381
0.10281                    0.10281
0.10181                    0.10181
0.10081                    0.10082
0.09982                    0.09982
0.09882                    0.09882
0.09782                    0.09782
0.09682                    0.09682
0.09583                    0.09583
0.09483                    0.09483
0.09383                    0.09383
0.09283                    0.09283
0.09183                    0.09184
0.09084                    0.09084
0.08984                    0.08984
0.08884                    0.08884
0.08784                    0.08784
0.08685                    0.08685
0.08585                    0.08585
0.08485                    0.08485
0.08385                    0.08385
0.08285                    0.08285
0.08186                    0.08186
0.08086                    0.08086
0.07986                    0.07986
0.07886                    0.07886
0.07786                    0.07786
0.07687                    0.07687
0.07587                    0.07587
0.07487                    0.07487
0.07387                    0.07387
0.07287                    0.07288
0.07188                    0.07188
0.07088                    0.07088
0.06988                    0.06988
0.06888                    0.06888
0.06788                    0.06788
0.06689                    0.06689
0.06589                    0.06589
0.06489                    0.06489
0.06389                    0.06389
0.06289                    0.06289
0.06190                    0.06190
0.06090                    0.06090
0.05990                    0.05990
0.05890                    0.05890
0.05790                    0.05790
0.05691                    0.05691
0.05591                    0.05591
0.05491                    0.05491
0.05391                    0.05391
0.05291                    0.05291
0.05191                    0.05191
0.05092                    0.05092
0.04992                    0.04992
0.04892                    0.04892
0.04792                    0.04792
0.04692                    0.04692
0.04593                    0.04593
0.04493                    0.04493
0.04393                    0.04393
0.04293                    0.04293
0.04193                    0.04193
0.04093                    0.04093
0.03994                    0.03994
0.03894                    0.03894
0.03794                    0.03794
0.03694                    0.03694
0.03594                    0.03594
0.03494                    0.03494
0.03395                    0.03395
0.03295                    0.03295
0.03195                    0.03195
0.03095                    0.03095
0.02995                    0.02995
0.02895                    0.02895
0.02796                    0.02796
0.02696                    0.02696
0.02596                    0.02596
0.02496                    0.02496
0.02396                    0.02396
0.02296                    0.02296
0.02197                    0.02197
0.02097                    0.02097
0.01997                    0.01997
0.01897                    0.01897
0.01797                    0.01797
0.01697                    0.01697
0.01598                    0.01598
0.01498                    0.01498
0.01398                    0.01398
0.01298                    0.01298
0.01198                    0.01198
0.01098                    0.01098
0.00998                    0.00998
0.00899                    0.00899
0.00799                    0.00799
0.00699                    0.00699
0.00599                    0.00599
0.00499                    0.00499
0.00399                    0.00399
0.00300                    0.00300
0.00200                    0.00200
0.00100                    0.00100
0.00000                    0.00000
