Calculated solution: , Analytical solution:
0.00000                    0.00000
1.86794                    0.00000
3.72701                    0.15985
7.44153                    0.22728
7.42801                    0.28742
7.40788                    0.34096
7.38179                    0.38852
7.35028                    0.43066
7.31387                    0.46789
7.27302                    0.50069
7.22815                    0.52945
7.17963                    0.55458
7.12782                    0.57640
7.07302                    0.59523
7.01551                    0.61135
6.95555                    0.62502
6.89337                    0.63647
6.82918                    0.64591
6.76317                    0.65352
6.69551                    0.65948
6.62636                    0.66395
6.55585                    0.66706
6.48412                    0.66894
6.41128                    0.66972
6.33743                    0.66949
6.26267                    0.66834
6.18709                    0.66638
6.11076                    0.66366
6.03375                    0.66027
5.95613                    0.65626
5.87795                    0.65170
5.79927                    0.64663
5.72014                    0.64111
5.64059                    0.63517
5.56067                    0.62887
5.48042                    0.62222
5.39985                    0.61527
5.31901                    0.60803
5.23791                    0.60055
5.15659                    0.59284
5.07507                    0.58492
4.99335                    0.57682
4.91147                    0.56854
4.82943                    0.56012
4.74726                    0.55155
4.66495                    0.54286
4.58254                    0.53405
4.50002                    0.52515
4.41741                    0.51614
4.33471                    0.50706
4.25194                    0.49789
4.16910                    0.48866
4.08619                    0.47936
4.00323                    0.47001
3.92022                    0.46061
3.83716                    0.45115
3.75405                    0.44166
3.67091                    0.43213
3.58774                    0.42256
3.50453                    0.41296
3.42129                    0.40334
3.33803                    0.39368
3.25475                    0.38401
3.17144                    0.37431
3.08812                    0.36460
3.00477                    0.35486
2.92142                    0.34511
2.83804                    0.33535
2.75466                    0.32557
2.67126                    0.31578
2.58785                    0.30598
2.50444                    0.29618
2.42101                    0.28636
2.33758                    0.27653
2.25414                    0.26670
2.17069                    0.25686
2.08724                    0.24702
2.00378                    0.23717
1.92031                    0.22732
1.83685                    0.21746
1.75338                    0.20759
1.66990                    0.19773
1.58642                    0.18786
1.50294                    0.17799
1.41946                    0.16811
1.33597                    0.15823
1.25248                    0.14835
1.16899                    0.13847
1.08550                    0.12859
1.00201                    0.11870
0.91851                    0.10882
0.83502                    0.09893
0.75152                    0.08904
0.66802                    0.07915
0.58452                    0.06926
0.50102                    0.05937
0.41752                    0.04947
0.33401                    0.03958
0.25051                    0.02969
0.16701                    0.01979
0.08350                    0.00990
0.00000                    0.00000
