Calculated solution: , Analytical solution:
0.00000                    0.00000
2.20687                    0.00000
4.41363                    0.01778
8.82712                    0.02653
8.82695                    0.03518
8.82668                    0.04373
8.82632                    0.05219
8.82586                    0.06055
8.82532                    0.06882
8.82468                    0.07700
8.82394                    0.08508
8.82312                    0.09308
8.82221                    0.10099
8.82121                    0.10880
8.82012                    0.11653
8.81895                    0.12418
8.81769                    0.13174
8.81634                    0.13921
8.81491                    0.14660
8.81340                    0.15390
8.81181                    0.16113
8.81013                    0.16827
8.80837                    0.17533
8.80653                    0.18231
8.80461                    0.18921
8.80262                    0.19603
8.80054                    0.20278
8.79839                    0.20944
8.79617                    0.21603
8.79386                    0.22255
8.79149                    0.22899
8.78904                    0.23536
8.78651                    0.24165
8.78391                    0.24787
8.78125                    0.25402
8.77851                    0.26010
8.77570                    0.26611
8.77282                    0.27205
8.76987                    0.27792
8.76685                    0.28372
8.76377                    0.28945
8.76062                    0.29512
8.75740                    0.30072
8.75411                    0.30626
8.75077                    0.31173
8.74735                    0.31713
8.74388                    0.32247
8.74034                    0.32775
8.73674                    0.33297
8.73307                    0.33812
8.72935                    0.34322
8.72556                    0.34825
8.72172                    0.35322
8.71781                    0.35814
8.71385                    0.36299
8.70983                    0.36779
8.70575                    0.37253
8.70161                    0.37721
8.69742                    0.38184
8.69317                    0.38641
8.68887                    0.39092
8.68451                    0.39538
8.68010                    0.39979
8.67563                    0.40414
8.67111                    0.40844
8.66654                    0.41268
8.66191                    0.41688
8.65724                    0.42102
8.65251                    0.42511
8.64773                    0.42915
8.64291                    0.43314
8.63803                    0.43708
8.63310                    0.44097
8.62813                    0.44482
8.62310                    0.44861
8.61803                    0.45236
8.61291                    0.45606
8.60775                    0.45971
8.60254                    0.46332
8.59728                    0.46688
8.59198                    0.47040
8.58663                    0.47387
8.58124                    0.47729
8.57580                    0.48068
8.57032                    0.48401
8.56480                    0.48731
8.55924                    0.49056
8.55363                    0.49378
8.54798                    0.49694
8.54229                    0.50007
8.53656                    0.50316
8.53079                    0.50620
8.52497                    0.50921
8.51912                    0.51218
8.51323                    0.51510
8.50730                    0.51799
8.50133                    0.52084
8.49532                    0.52365
8.48928                    0.52642
8.48319                    0.52916
8.47707                    0.53186
8.47092                    0.53452
8.46472                    0.53714
8.45850                    0.53973
8.45223                    0.54229
8.44593                    0.54480
8.43960                    0.54729
8.43323                    0.54974
8.42682                    0.55215
8.42038                    0.55453
8.41391                    0.55688
8.40741                    0.55919
8.40087                    0.56147
8.39430                    0.56372
8.38770                    0.56594
8.38106                    0.56812
8.37440                    0.57027
8.36770                    0.57239
8.36097                    0.57448
8.35421                    0.57654
8.34742                    0.57857
8.34060                    0.58057
8.33375                    0.58254
8.32687                    0.58448
8.31997                    0.58639
8.31303                    0.58827
8.30606                    0.59012
8.29907                    0.59194
8.29205                    0.59374
8.28500                    0.59551
8.27792                    0.59725
8.27082                    0.59896
8.26368                    0.60065
8.25653                    0.60231
8.24934                    0.60394
8.24213                    0.60555
8.23489                    0.60713
8.22763                    0.60869
8.22034                    0.61022
8.21303                    0.61172
8.20569                    0.61320
8.19833                    0.61466
8.19094                    0.61609
8.18353                    0.61750
8.17610                    0.61888
8.16864                    0.62024
8.16116                    0.62158
8.15365                    0.62289
8.14612                    0.62418
8.13857                    0.62545
8.13100                    0.62669
8.12340                    0.62791
8.11578                    0.62911
8.10814                    0.63029
8.10048                    0.63145
8.09280                    0.63258
8.08510                    0.63370
8.07737                    0.63479
8.06962                    0.63586
8.06186                    0.63692
8.05407                    0.63795
8.04626                    0.63896
8.03844                    0.63995
8.03059                    0.64092
8.02272                    0.64187
8.01484                    0.64281
8.00693                    0.64372
7.99901                    0.64461
7.99107                    0.64549
7.98310                    0.64635
7.97512                    0.64718
7.96713                    0.64800
7.95911                    0.64881
7.95108                    0.64959
7.94302                    0.65036
7.93495                    0.65110
7.92687                    0.65184
7.91876                    0.65255
7.91064                    0.65325
7.90250                    0.65393
7.89435                    0.65459
7.88618                    0.65524
7.87799                    0.65587
7.86979                    0.65648
7.86157                    0.65708
7.85333                    0.65767
7.84508                    0.65823
7.83681                    0.65878
7.82853                    0.65932
7.82023                    0.65984
7.81192                    0.66035
7.80359                    0.66084
7.79525                    0.66131
7.78689                    0.66177
7.77852                    0.66222
7.77014                    0.66265
7.76174                    0.66307
7.75332                    0.66347
7.74489                    0.66386
7.73645                    0.66424
7.72800                    0.66460
7.71953                    0.66495
7.71104                    0.66529
7.70255                    0.66561
7.69404                    0.66592
7.68552                    0.66622
7.67698                    0.66650
7.66844                    0.66677
7.65988                    0.66703
7.65130                    0.66727
7.64272                    0.66751
7.63412                    0.66773
7.62551                    0.66794
7.61689                    0.66813
7.60826                    0.66832
7.59961                    0.66849
7.59095                    0.66865
7.58229                    0.66880
7.57361                    0.66894
7.56491                    0.66907
7.55621                    0.66918
7.54750                    0.66929
7.53877                    0.66938
7.53004                    0.66946
7.52129                    0.66954
7.51254                    0.66960
7.50377                    0.66965
7.49499                    0.66969
7.48620                    0.66972
7.47741                    0.66974
7.46860                    0.66975
7.45978                    0.66975
7.45095                    0.66974
7.44211                    0.66972
7.43327                    0.66969
7.42441                    0.66965
7.41554                    0.66960
7.40666                    0.66955
7.39778                    0.66948
7.38888                    0.66940
7.37998                    0.66931
7.37107                    0.66922
7.36214                    0.66912
7.35321                    0.66900
7.34427                    0.66888
7.33532                    0.66875
7.32637                    0.66861
7.31740                    0.66846
7.30843                    0.66831
7.29944                    0.66814
7.29045                    0.66797
7.28145                    0.66779
7.27245                    0.66760
7.26343                    0.66740
7.25441                    0.66720
7.24538                    0.66699
7.23634                    0.66676
7.22729                    0.66654
7.21824                    0.66630
7.20917                    0.66606
7.20010                    0.66580
7.19103                    0.66555
7.18194                    0.66528
7.17285                    0.66501
7.16375                    0.66473
7.15465                    0.66444
7.14553                    0.66414
7.13641                    0.66384
7.12729                    0.66353
7.11815                    0.66322
7.10901                    0.66289
7.09987                    0.66257
7.09071                    0.66223
7.08155                    0.66189
7.07238                    0.66154
7.06321                    0.66118
7.05403                    0.66082
7.04484                    0.66045
7.03565                    0.66008
7.02645                    0.65970
7.01725                    0.65931
7.00804                    0.65892
6.99882                    0.65852
6.98960                    0.65812
6.98037                    0.65770
6.97113                    0.65729
6.96189                    0.65687
6.95265                    0.65644
6.94339                    0.65600
6.93414                    0.65556
6.92487                    0.65512
6.91560                    0.65467
6.90633                    0.65421
6.89705                    0.65375
6.88777                    0.65329
6.87848                    0.65281
6.86918                    0.65234
6.85988                    0.65185
6.85057                    0.65137
6.84126                    0.65087
6.83195                    0.65038
6.82263                    0.64987
6.81330                    0.64937
6.80397                    0.64885
6.79464                    0.64834
6.78530                    0.64782
6.77595                    0.64729
6.76660                    0.64676
6.75725                    0.64622
6.74789                    0.64568
6.73852                    0.64513
6.72916                    0.64459
6.71978                    0.64403
6.71041                    0.64347
6.70103                    0.64291
6.69164                    0.64234
6.68225                    0.64177
6.67286                    0.64119
6.66346                    0.64061
6.65405                    0.64003
6.64465                    0.63944
6.63524                    0.63885
6.62582                    0.63825
6.61640                    0.63765
6.60698                    0.63705
6.59755                    0.63644
6.58812                    0.63583
6.57869                    0.63521
6.56925                    0.63459
6.55981                    0.63397
6.55036                    0.63334
6.54091                    0.63271
6.53146                    0.63207
6.52201                    0.63144
6.51255                    0.63079
6.50308                    0.63015
6.49361                    0.62950
6.48414                    0.62885
6.47467                    0.62819
6.46519                    0.62753
6.45571                    0.62687
6.44623                    0.62620
6.43674                    0.62553
6.42725                    0.62486
6.41775                    0.62418
6.40826                    0.62351
6.39876                    0.62282
6.38925                    0.62214
6.37975                    0.62145
6.37024                    0.62076
6.36072                    0.62006
6.35121                    0.61936
6.34169                    0.61866
6.33217                    0.61796
6.32264                    0.61725
6.31311                    0.61654
6.30358                    0.61583
6.29405                    0.61512
6.28451                    0.61440
6.27497                    0.61368
6.26543                    0.61295
6.25589                    0.61223
6.24634                    0.61150
6.23679                    0.61077
6.22724                    0.61003
6.21768                    0.60930
6.20812                    0.60856
6.19856                    0.60781
6.18900                    0.60707
6.17944                    0.60632
6.16987                    0.60557
6.16030                    0.60482
6.15072                    0.60406
6.14115                    0.60331
6.13157                    0.60255
6.12199                    0.60179
6.11241                    0.60102
6.10282                    0.60025
6.09324                    0.59949
6.08365                    0.59871
6.07405                    0.59794
6.06446                    0.59717
6.05486                    0.59639
6.04527                    0.59561
6.03567                    0.59482
6.02606                    0.59404
6.01646                    0.59325
6.00685                    0.59246
5.99724                    0.59167
5.98763                    0.59088
5.97802                    0.59009
5.96840                    0.58929
5.95879                    0.58849
5.94917                    0.58769
5.93955                    0.58689
5.92992                    0.58608
5.92030                    0.58527
5.91067                    0.58447
5.90104                    0.58366
5.89141                    0.58284
5.88178                    0.58203
5.87214                    0.58121
5.86251                    0.58039
5.85287                    0.57957
5.84323                    0.57875
5.83359                    0.57793
5.82394                    0.57710
5.81430                    0.57628
5.80465                    0.57545
5.79500                    0.57462
5.78535                    0.57379
5.77570                    0.57295
5.76605                    0.57212
5.75639                    0.57128
5.74674                    0.57044
5.73708                    0.56960
5.72742                    0.56876
5.71776                    0.56792
5.70810                    0.56707
5.69843                    0.56623
5.68876                    0.56538
5.67910                    0.56453
5.66943                    0.56368
5.65976                    0.56283
5.65009                    0.56197
5.64041                    0.56112
5.63074                    0.56026
5.62106                    0.55940
5.61138                    0.55855
5.60171                    0.55768
5.59202                    0.55682
5.58234                    0.55596
5.57266                    0.55509
5.56298                    0.55423
5.55329                    0.55336
5.54360                    0.55249
5.53391                    0.55162
5.52422                    0.55075
5.51453                    0.54988
5.50484                    0.54900
5.49515                    0.54813
5.48545                    0.54725
5.47576                    0.54637
5.46606                    0.54550
5.45636                    0.54462
5.44666                    0.54373
5.43696                    0.54285
5.42726                    0.54197
5.41756                    0.54108
5.40785                    0.54020
5.39815                    0.53931
5.38844                    0.53842
5.37874                    0.53753
5.36903                    0.53664
5.35932                    0.53575
5.34961                    0.53486
5.33990                    0.53397
5.33018                    0.53307
5.32047                    0.53218
5.31075                    0.53128
5.30104                    0.53038
5.29132                    0.52948
5.28160                    0.52858
5.27188                    0.52768
5.26217                    0.52678
5.25244                    0.52588
5.24272                    0.52498
5.23300                    0.52407
5.22328                    0.52317
5.21355                    0.52226
5.20383                    0.52135
5.19410                    0.52044
5.18437                    0.51954
5.17464                    0.51863
5.16492                    0.51771
5.15519                    0.51680
5.14546                    0.51589
5.13572                    0.51498
5.12599                    0.51406
5.11626                    0.51315
5.10652                    0.51223
5.09679                    0.51132
5.08705                    0.51040
5.07732                    0.50948
5.06758                    0.50856
5.05784                    0.50764
5.04810                    0.50672
5.03836                    0.50580
5.02862                    0.50488
5.01888                    0.50395
5.00914                    0.50303
4.99940                    0.50210
4.98965                    0.50118
4.97991                    0.50025
4.97016                    0.49933
4.96042                    0.49840
4.95067                    0.49747
4.94092                    0.49654
4.93118                    0.49561
4.92143                    0.49468
4.91168                    0.49375
4.90193                    0.49282
4.89218                    0.49189
4.88243                    0.49095
4.87267                    0.49002
4.86292                    0.48909
4.85317                    0.48815
4.84341                    0.48722
4.83366                    0.48628
4.82391                    0.48534
4.81415                    0.48440
4.80439                    0.48347
4.79464                    0.48253
4.78488                    0.48159
4.77512                    0.48065
4.76536                    0.47971
4.75560                    0.47877
4.74584                    0.47783
4.73608                    0.47688
4.72632                    0.47594
4.71656                    0.47500
4.70680                    0.47405
4.69704                    0.47311
4.68727                    0.47216
4.67751                    0.47122
4.66775                    0.47027
4.65798                    0.46933
4.64822                    0.46838
4.63845                    0.46743
4.62868                    0.46648
4.61892                    0.46554
4.60915                    0.46459
4.59938                    0.46364
4.58961                    0.46269
4.57984                    0.46174
4.57007                    0.46079
4.56031                    0.45983
4.55053                    0.45888
4.54076                    0.45793
4.53099                    0.45698
4.52122                    0.45602
4.51145                    0.45507
4.50168                    0.45411
4.49190                    0.45316
4.48213                    0.45220
4.47236                    0.45125
4.46258                    0.45029
4.45281                    0.44934
4.44303                    0.44838
4.43326                    0.44742
4.42348                    0.44647
4.41371                    0.44551
4.40393                    0.44455
4.39415                    0.44359
4.38437                    0.44263
4.37460                    0.44167
4.36482                    0.44071
4.35504                    0.43975
4.34526                    0.43879
4.33548                    0.43783
4.32570                    0.43687
4.31592                    0.43590
4.30614                    0.43494
4.29636                    0.43398
4.28658                    0.43302
4.27680                    0.43205
4.26701                    0.43109
4.25723                    0.43012
4.24745                    0.42916
4.23767                    0.42820
4.22788                    0.42723
4.21810                    0.42626
4.20831                    0.42530
4.19853                    0.42433
4.18875                    0.42337
4.17896                    0.42240
4.16917                    0.42143
4.15939                    0.42046
4.14960                    0.41950
4.13982                    0.41853
4.13003                    0.41756
4.12024                    0.41659
4.11046                    0.41562
4.10067                    0.41465
4.09088                    0.41368
4.08109                    0.41271
4.07130                    0.41174
4.06152                    0.41077
4.05173                    0.40980
4.04194                    0.40883
4.03215                    0.40786
4.02236                    0.40689
4.01257                    0.40592
4.00278                    0.40495
3.99299                    0.40397
3.98320                    0.40300
3.97341                    0.40203
3.96361                    0.40105
3.95382                    0.40008
3.94403                    0.39911
3.93424                    0.39813
3.92445                    0.39716
3.91465                    0.39618
3.90486                    0.39521
3.89507                    0.39423
3.88527                    0.39326
3.87548                    0.39228
3.86569                    0.39131
3.85589                    0.39033
3.84610                    0.38936
3.83630                    0.38838
3.82651                    0.38740
3.81671                    0.38643
3.80692                    0.38545
3.79712                    0.38447
3.78733                    0.38350
3.77753                    0.38252
3.76774                    0.38154
3.75794                    0.38056
3.74814                    0.37958
3.73835                    0.37861
3.72855                    0.37763
3.71875                    0.37665
3.70896                    0.37567
3.69916                    0.37469
3.68936                    0.37371
3.67956                    0.37273
3.66976                    0.37175
3.65997                    0.37077
3.65017                    0.36979
3.64037                    0.36881
3.63057                    0.36783
3.62077                    0.36685
3.61097                    0.36587
3.60117                    0.36489
3.59137                    0.36391
3.58157                    0.36292
3.57177                    0.36194
3.56197                    0.36096
3.55217                    0.35998
3.54237                    0.35900
3.53257                    0.35801
3.52277                    0.35703
3.51297                    0.35605
3.50317                    0.35507
3.49337                    0.35408
3.48357                    0.35310
3.47377                    0.35212
3.46396                    0.35113
3.45416                    0.35015
3.44436                    0.34917
3.43456                    0.34818
3.42476                    0.34720
3.41495                    0.34621
3.40515                    0.34523
3.39535                    0.34424
3.38555                    0.34326
3.37574                    0.34228
3.36594                    0.34129
3.35614                    0.34031
3.34633                    0.33932
3.33653                    0.33833
3.32673                    0.33735
3.31692                    0.33636
3.30712                    0.33538
3.29731                    0.33439
3.28751                    0.33341
3.27770                    0.33242
3.26790                    0.33143
3.25810                    0.33045
3.24829                    0.32946
3.23849                    0.32847
3.22868                    0.32749
3.21888                    0.32650
3.20907                    0.32551
3.19927                    0.32453
3.18946                    0.32354
3.17965                    0.32255
3.16985                    0.32156
3.16004                    0.32058
3.15024                    0.31959
3.14043                    0.31860
3.13062                    0.31761
3.12082                    0.31663
3.11101                    0.31564
3.10121                    0.31465
3.09140                    0.31366
3.08159                    0.31267
3.07179                    0.31168
3.06198                    0.31069
3.05217                    0.30971
3.04236                    0.30872
3.03256                    0.30773
3.02275                    0.30674
3.01294                    0.30575
3.00314                    0.30476
2.99333                    0.30377
2.98352                    0.30278
2.97371                    0.30179
2.96390                    0.30080
2.95410                    0.29981
2.94429                    0.29882
2.93448                    0.29783
2.92467                    0.29684
2.91486                    0.29585
2.90506                    0.29486
2.89525                    0.29387
2.88544                    0.29288
2.87563                    0.29189
2.86582                    0.29090
2.85601                    0.28991
2.84620                    0.28892
2.83639                    0.28793
2.82658                    0.28694
2.81678                    0.28595
2.80697                    0.28496
2.79716                    0.28397
2.78735                    0.28297
2.77754                    0.28198
2.76773                    0.28099
2.75792                    0.28000
2.74811                    0.27901
2.73830                    0.27802
2.72849                    0.27703
2.71868                    0.27603
2.70887                    0.27504
2.69906                    0.27405
2.68925                    0.27306
2.67944                    0.27207
2.66963                    0.27107
2.65982                    0.27008
2.65001                    0.26909
2.64020                    0.26810
2.63039                    0.26711
2.62058                    0.26611
2.61077                    0.26512
2.60096                    0.26413
2.59114                    0.26314
2.58133                    0.26214
2.57152                    0.26115
2.56171                    0.26016
2.55190                    0.25916
2.54209                    0.25817
2.53228                    0.25718
2.52247                    0.25619
2.51266                    0.25519
2.50284                    0.25420
2.49303                    0.25321
2.48322                    0.25221
2.47341                    0.25122
2.46360                    0.25023
2.45379                    0.24923
2.44398                    0.24824
2.43416                    0.24725
2.42435                    0.24625
2.41454                    0.24526
2.40473                    0.24426
2.39492                    0.24327
2.38510                    0.24228
2.37529                    0.24128
2.36548                    0.24029
2.35567                    0.23930
2.34586                    0.23830
2.33604                    0.23731
2.32623                    0.23631
2.31642                    0.23532
2.30661                    0.23433
2.29679                    0.23333
2.28698                    0.23234
2.27717                    0.23134
2.26736                    0.23035
2.25754                    0.22935
2.24773                    0.22836
2.23792                    0.22736
2.22811                    0.22637
2.21829                    0.22538
2.20848                    0.22438
2.19867                    0.22339
2.18885                    0.22239
2.17904                    0.22140
2.16923                    0.22040
2.15941                    0.21941
2.14960                    0.21841
2.13979                    0.21742
2.12998                    0.21642
2.12016                    0.21543
2.11035                    0.21443
2.10054                    0.21344
2.09072                    0.21244
2.08091                    0.21145
2.07110                    0.21045
2.06128                    0.20946
2.05147                    0.20846
2.04165                    0.20747
2.03184                    0.20647
2.02203                    0.20547
2.01221                    0.20448
2.00240                    0.20348
1.99259                    0.20249
1.98277                    0.20149
1.97296                    0.20050
1.96315                    0.19950
1.95333                    0.19851
1.94352                    0.19751
1.93370                    0.19651
1.92389                    0.19552
1.91408                    0.19452
1.90426                    0.19353
1.89445                    0.19253
1.88463                    0.19154
1.87482                    0.19054
1.86501                    0.18954
1.85519                    0.18855
1.84538                    0.18755
1.83556                    0.18656
1.82575                    0.18556
1.81593                    0.18456
1.80612                    0.18357
1.79631                    0.18257
1.78649                    0.18158
1.77668                    0.18058
1.76686                    0.17958
1.75705                    0.17859
1.74723                    0.17759
1.73742                    0.17659
1.72760                    0.17560
1.71779                    0.17460
1.70798                    0.17361
1.69816                    0.17261
1.68835                    0.17161
1.67853                    0.17062
1.66872                    0.16962
1.65890                    0.16862
1.64909                    0.16763
1.63927                    0.16663
1.62946                    0.16563
1.61964                    0.16464
1.60983                    0.16364
1.60001                    0.16264
1.59020                    0.16165
1.58038                    0.16065
1.57057                    0.15965
1.56075                    0.15866
1.55094                    0.15766
1.54112                    0.15666
1.53131                    0.15567
1.52149                    0.15467
1.51168                    0.15367
1.50186                    0.15268
1.49205                    0.15168
1.48223                    0.15068
1.47242                    0.14969
1.46260                    0.14869
1.45279                    0.14769
1.44297                    0.14669
1.43316                    0.14570
1.42334                    0.14470
1.41353                    0.14370
1.40371                    0.14271
1.39390                    0.14171
1.38408                    0.14071
1.37427                    0.13972
1.36445                    0.13872
1.35464                    0.13772
1.34482                    0.13672
1.33500                    0.13573
1.32519                    0.13473
1.31537                    0.13373
1.30556                    0.13274
1.29574                    0.13174
1.28593                    0.13074
1.27611                    0.12974
1.26630                    0.12875
1.25648                    0.12775
1.24667                    0.12675
1.23685                    0.12575
1.22703                    0.12476
1.21722                    0.12376
1.20740                    0.12276
1.19759                    0.12176
1.18777                    0.12077
1.17796                    0.11977
1.16814                    0.11877
1.15832                    0.11777
1.14851                    0.11678
1.13869                    0.11578
1.12888                    0.11478
1.11906                    0.11378
1.10925                    0.11279
1.09943                    0.11179
1.08961                    0.11079
1.07980                    0.10979
1.06998                    0.10880
1.06017                    0.10780
1.05035                    0.10680
1.04053                    0.10580
1.03072                    0.10481
1.02090                    0.10381
1.01109                    0.10281
1.00127                    0.10181
0.99146                    0.10082
0.98164                    0.09982
0.97182                    0.09882
0.96201                    0.09782
0.95219                    0.09682
0.94238                    0.09583
0.93256                    0.09483
0.92274                    0.09383
0.91293                    0.09283
0.90311                    0.09184
0.89330                    0.09084
0.88348                    0.08984
0.87366                    0.08884
0.86385                    0.08784
0.85403                    0.08685
0.84422                    0.08585
0.83440                    0.08485
0.82458                    0.08385
0.81477                    0.08285
0.80495                    0.08186
0.79513                    0.08086
0.78532                    0.07986
0.77550                    0.07886
0.76569                    0.07786
0.75587                    0.07687
0.74605                    0.07587
0.73624                    0.07487
0.72642                    0.07387
0.71660                    0.07288
0.70679                    0.07188
0.69697                    0.07088
0.68716                    0.06988
0.67734                    0.06888
0.66752                    0.06788
0.65771                    0.06689
0.64789                    0.06589
0.63807                    0.06489
0.62826                    0.06389
0.61844                    0.06289
0.60863                    0.06190
0.59881                    0.06090
0.58899                    0.05990
0.57918                    0.05890
0.56936                    0.05790
0.55954                    0.05691
0.54973                    0.05591
0.53991                    0.05491
0.53009                    0.05391
0.52028                    0.05291
0.51046                    0.05191
0.50065                    0.05092
0.49083                    0.04992
0.48101                    0.04892
0.47120                    0.04792
0.46138                    0.04692
0.45156                    0.04593
0.44175                    0.04493
0.43193                    0.04393
0.42211                    0.04293
0.41230                    0.04193
0.40248                    0.04093
0.39266                    0.03994
0.38285                    0.03894
0.37303                    0.03794
0.36322                    0.03694
0.35340                    0.03594
0.34358                    0.03494
0.33377                    0.03395
0.32395                    0.03295
0.31413                    0.03195
0.30432                    0.03095
0.29450                    0.02995
0.28468                    0.02895
0.27487                    0.02796
0.26505                    0.02696
0.25523                    0.02596
0.24542                    0.02496
0.23560                    0.02396
0.22578                    0.02296
0.21597                    0.02197
0.20615                    0.02097
0.19633                    0.01997
0.18652                    0.01897
0.17670                    0.01797
0.16688                    0.01697
0.15707                    0.01598
0.14725                    0.01498
0.13743                    0.01398
0.12762                    0.01298
0.11780                    0.01198
0.10798                    0.01098
0.09817                    0.00998
0.08835                    0.00899
0.07853                    0.00799
0.06872                    0.00699
0.05890                    0.00599
0.04908                    0.00499
0.03927                    0.00399
0.02945                    0.00300
0.01963                    0.00200
0.00982                    0.00100
0.00000                    0.00000
